0.000000
0.050050
0.100100
0.150150
0.200200
0.250250
0.300300
0.350350
0.400400
0.450450
0.500501
0.550551
0.600601
0.650651
0.700701
0.750751
0.800801
0.850851
0.900901
0.950951
1.001001
1.051051
1.101101
1.151151
1.201201
1.251251
1.301301
1.351351
1.401401
1.451451
1.501502
1.551552
1.601602
1.651652
1.701702
1.751752
1.801802
1.851852
1.901902
1.951952
2.002002
2.052052
2.102102
2.152152
2.202202
2.252252
2.302302
2.352352
2.402402
2.452452
2.502503
2.552553
2.602603
2.652653
2.702703
2.752753
2.802803
2.852853
2.902903
2.952953
3.003003
3.053053
3.103103
3.153153
3.203203
3.253253
3.303303
3.353353
3.403403
3.453453
3.503504
3.553554
3.603604
3.653654
3.703704
3.753754
3.803804
3.853854
3.903904
3.953954
4.004004
4.054054
4.104104
4.154154
4.204204
4.254254
4.304304
4.354354
4.404404
4.454454
4.504505
4.554555
4.604605
4.654655
4.704705
4.754755
4.804805
4.854855
4.904905
4.954955
5.005005
5.055055
5.105105
5.155155
5.205205
5.255255
5.305305
5.355355
5.405405
5.455455
5.505506
5.555556
5.605606
5.655656
5.705706
5.755756
5.805806
5.855856
5.905906
5.955956
6.006006
6.056056
6.106106
6.156156
6.206206
6.256256
6.306306
6.356356
6.406406
6.456456
6.506507
6.556557
6.606607
6.656657
6.706707
6.756757
6.806807
6.856857
6.906907
6.956957
7.007007
7.057057
7.107107
7.157157
7.207207
7.257257
7.307307
7.357357
7.407407
7.457457
7.507508
7.557558
7.607608
7.657658
7.707708
7.757758
7.807808
7.857858
7.907908
7.957958
8.008008
8.058058
8.108108
8.158158
8.208208
8.258258
8.308308
8.358358
8.408408
8.458458
8.508509
8.558559
8.608609
8.658659
8.708709
8.758759
8.808809
8.858859
8.908909
8.958959
9.009009
9.059059
9.109109
9.159159
9.209209
9.259259
9.309309
9.359359
9.409409
9.459459
9.509510
9.559560
9.609610
9.659660
9.709710
9.759760
9.809810
9.859860
9.909910
9.959960
10.010010
10.060060
10.110110
10.160160
10.210210
10.260260
10.310310
10.360360
10.410410
10.460460
10.510511
10.560561
10.610611
10.660661
10.710711
10.760761
10.810811
10.860861
10.910911
10.960961
11.011011
11.061061
11.111111
11.161161
11.211211
11.261261
11.311311
11.361361
11.411411
11.461461
11.511512
11.561562
11.611612
11.661662
11.711712
11.761762
11.811812
11.861862
11.911912
11.961962
12.012012
12.062062
12.112112
12.162162
12.212212
12.262262
12.312312
12.362362
12.412412
12.462462
12.512513
12.562563
12.612613
12.662663
12.712713
12.762763
12.812813
12.862863
12.912913
12.962963
13.013013
13.063063
13.113113
13.163163
13.213213
13.263263
13.313313
13.363363
13.413413
13.463463
13.513514
13.563564
13.613614
13.663664
13.713714
13.763764
13.813814
13.863864
13.913914
13.963964
14.014014
14.064064
14.114114
14.164164
14.214214
14.264264
14.314314
14.364364
14.414414
14.464464
14.514515
14.564565
14.614615
14.664665
14.714715
14.764765
14.814815
14.864865
14.914915
14.964965
15.015015
15.065065
15.115115
15.165165
15.215215
15.265265
15.315315
15.365365
15.415415
15.465465
15.515516
15.565566
15.615616
15.665666
15.715716
15.765766
15.815816
15.865866
15.915916
15.965966
16.016016
16.066066
16.116116
16.166166
16.216216
16.266266
16.316316
16.366366
16.416416
16.466466
16.516517
16.566567
16.616617
16.666667
16.716717
16.766767
16.816817
16.866867
16.916917
16.966967
17.017017
17.067067
17.117117
17.167167
17.217217
17.267267
17.317317
17.367367
17.417417
17.467467
17.517518
17.567568
17.617618
17.667668
17.717718
17.767768
17.817818
17.867868
17.917918
17.967968
18.018018
18.068068
18.118118
18.168168
18.218218
18.268268
18.318318
18.368368
18.418418
18.468468
18.518519
18.568569
18.618619
18.668669
18.718719
18.768769
18.818819
18.868869
18.918919
18.968969
19.019019
19.069069
19.119119
19.169169
19.219219
19.269269
19.319319
19.369369
19.419419
19.469469
19.519520
19.569570
19.619620
19.669670
19.719720
19.769770
19.819820
19.869870
19.919920
19.969970
20.020020
20.070070
20.120120
20.170170
20.220220
20.270270
20.320320
20.370370
20.420420
20.470470
20.520521
20.570571
20.620621
20.670671
20.720721
20.770771
20.820821
20.870871
20.920921
20.970971
21.021021
21.071071
21.121121
21.171171
21.221221
21.271271
21.321321
21.371371
21.421421
21.471471
21.521522
21.571572
21.621622
21.671672
21.721722
21.771772
21.821822
21.871872
21.921922
21.971972
22.022022
22.072072
22.122122
22.172172
22.222222
22.272272
22.322322
22.372372
22.422422
22.472472
22.522523
22.572573
22.622623
22.672673
22.722723
22.772773
22.822823
22.872873
22.922923
22.972973
23.023023
23.073073
23.123123
23.173173
23.223223
23.273273
23.323323
23.373373
23.423423
23.473473
23.523524
23.573574
23.623624
23.673674
23.723724
23.773774
23.823824
23.873874
23.923924
23.973974
24.024024
24.074074
24.124124
24.174174
24.224224
24.274274
24.324324
24.374374
24.424424
24.474474
24.524525
24.574575
24.624625
24.674675
24.724725
24.774775
24.824825
24.874875
24.924925
24.974975
25.025025
25.075075
25.125125
25.175175
25.225225
25.275275
25.325325
25.375375
25.425425
25.475475
25.525526
25.575576
25.625626
25.675676
25.725726
25.775776
25.825826
25.875876
25.925926
25.975976
26.026026
26.076076
26.126126
26.176176
26.226226
26.276276
26.326326
26.376376
26.426426
26.476476
26.526527
26.576577
26.626627
26.676677
26.726727
26.776777
26.826827
26.876877
26.926927
26.976977
27.027027
27.077077
27.127127
27.177177
27.227227
27.277277
27.327327
27.377377
27.427427
27.477477
27.527528
27.577578
27.627628
27.677678
27.727728
27.777778
27.827828
27.877878
27.927928
27.977978
28.028028
28.078078
28.128128
28.178178
28.228228
28.278278
28.328328
28.378378
28.428428
28.478478
28.528529
28.578579
28.628629
28.678679
28.728729
28.778779
28.828829
28.878879
28.928929
28.978979
29.029029
29.079079
29.129129
29.179179
29.229229
29.279279
29.329329
29.379379
29.429429
29.479479
29.529530
29.579580
29.629630
29.679680
29.729730
29.779780
29.829830
29.879880
29.929930
29.979980
30.030030
30.080080
30.130130
30.180180
30.230230
30.280280
30.330330
30.380380
30.430430
30.480480
30.530531
30.580581
30.630631
30.680681
30.730731
30.780781
30.830831
30.880881
30.930931
30.980981
31.031031
31.081081
31.131131
31.181181
31.231231
31.281281
31.331331
31.381381
31.431431
31.481481
31.531532
31.581582
31.631632
31.681682
31.731732
31.781782
31.831832
31.881882
31.931932
31.981982
32.032032
32.082082
32.132132
32.182182
32.232232
32.282282
32.332332
32.382382
32.432432
32.482482
32.532533
32.582583
32.632633
32.682683
32.732733
32.782783
32.832833
32.882883
32.932933
32.982983
33.033033
33.083083
33.133133
33.183183
33.233233
33.283283
33.333333
33.383383
33.433433
33.483483
33.533534
33.583584
33.633634
33.683684
33.733734
33.783784
33.833834
33.883884
33.933934
33.983984
34.034034
34.084084
34.134134
34.184184
34.234234
34.284284
34.334334
34.384384
34.434434
34.484484
34.534535
34.584585
34.634635
34.684685
34.734735
34.784785
34.834835
34.884885
34.934935
34.984985
35.035035
35.085085
35.135135
35.185185
35.235235
35.285285
35.335335
35.385385
35.435435
35.485485
35.535536
35.585586
35.635636
35.685686
35.735736
35.785786
35.835836
35.885886
35.935936
35.985986
36.036036
36.086086
36.136136
36.186186
36.236236
36.286286
36.336336
36.386386
36.436436
36.486486
36.536537
36.586587
36.636637
36.686687
36.736737
36.786787
36.836837
36.886887
36.936937
36.986987
37.037037
37.087087
37.137137
37.187187
37.237237
37.287287
37.337337
37.387387
37.437437
37.487487
37.537538
37.587588
37.637638
37.687688
37.737738
37.787788
37.837838
37.887888
37.937938
37.987988
38.038038
38.088088
38.138138
38.188188
38.238238
38.288288
38.338338
38.388388
38.438438
38.488488
38.538539
38.588589
38.638639
38.688689
38.738739
38.788789
38.838839
38.888889
38.938939
38.988989
39.039039
39.089089
39.139139
39.189189
39.239239
39.289289
39.339339
39.389389
39.439439
39.489489
39.539540
39.589590
39.639640
39.689690
39.739740
39.789790
39.839840
39.889890
39.939940
39.989990
40.040040
40.090090
40.140140
40.190190
40.240240
40.290290
40.340340
40.390390
40.440440
40.490490
40.540541
40.590591
40.640641
40.690691
40.740741
40.790791
40.840841
40.890891
40.940941
40.990991
41.041041
41.091091
41.141141
41.191191
41.241241
41.291291
41.341341
41.391391
41.441441
41.491491
41.541542
41.591592
41.641642
41.691692
41.741742
41.791792
41.841842
41.891892
41.941942
41.991992
42.042042
42.092092
42.142142
42.192192
42.242242
42.292292
42.342342
42.392392
42.442442
42.492492
42.542543
42.592593
42.642643
42.692693
42.742743
42.792793
42.842843
42.892893
42.942943
42.992993
43.043043
43.093093
43.143143
43.193193
43.243243
43.293293
43.343343
43.393393
43.443443
43.493493
43.543544
43.593594
43.643644
43.693694
43.743744
43.793794
43.843844
43.893894
43.943944
43.993994
44.044044
44.094094
44.144144
44.194194
44.244244
44.294294
44.344344
44.394394
44.444444
44.494494
44.544545
44.594595
44.644645
44.694695
44.744745
44.794795
44.844845
44.894895
44.944945
44.994995
45.045045
45.095095
45.145145
45.195195
45.245245
45.295295
45.345345
45.395395
45.445445
45.495495
45.545546
45.595596
45.645646
45.695696
45.745746
45.795796
45.845846
45.895896
45.945946
45.995996
46.046046
46.096096
46.146146
46.196196
46.246246
46.296296
46.346346
46.396396
46.446446
46.496496
46.546547
46.596597
46.646647
46.696697
46.746747
46.796797
46.846847
46.896897
46.946947
46.996997
47.047047
47.097097
47.147147
47.197197
47.247247
47.297297
47.347347
47.397397
47.447447
47.497497
47.547548
47.597598
47.647648
47.697698
47.747748
47.797798
47.847848
47.897898
47.947948
47.997998
48.048048
48.098098
48.148148
48.198198
48.248248
48.298298
48.348348
48.398398
48.448448
48.498498
48.548549
48.598599
48.648649
48.698699
48.748749
48.798799
48.848849
48.898899
48.948949
48.998999
49.049049
49.099099
49.149149
49.199199
49.249249
49.299299
49.349349
49.399399
49.449449
49.499499
49.549550
49.599600
49.649650
49.699700
49.749750
49.799800
49.849850
49.899900
49.949950
50.000000
