2.166436
2.209427
2.201812
2.140211
2.338030
2.260784
2.247751
1.956462
2.310890
2.388275
2.203732
2.522773
2.473792
2.644944
2.778269
2.722742
2.662817
2.537611
2.611773
2.653837
2.954955
2.723803
2.810385
2.816014
2.941833
2.895031
2.721097
3.006697
2.708076
2.983080
2.842106
2.832125
2.812778
3.008166
2.951192
2.765197
2.774711
2.619921
2.698018
2.806690
2.721715
2.578937
2.674894
2.438699
2.577940
2.476986
2.292819
2.301165
2.402728
2.278129
2.300305
2.294827
2.243906
2.154309
2.048454
2.088228
1.797518
1.718288
1.899228
1.765889
1.564731
1.603096
1.673291
1.409838
1.447540
1.220042
1.285724
1.164061
1.077310
1.037263
1.000929
0.869686
0.879076
0.788856
0.704002
0.491483
0.752427
0.468246
0.482605
0.554482
0.416680
0.438486
0.290410
0.257577
0.119122
0.317357
0.338393
0.046368
0.169355
0.089052
0.185139
0.181420
-0.049721
0.094472
-0.092661
0.067051
-0.108624
-0.031568
-0.181751
-0.221941
-0.311557
-0.186583
-0.050059
-0.055741
0.082222
-0.009486
0.062501
0.007467
-0.173936
-0.005225
-0.134052
-0.071299
0.143949
0.136536
0.203875
0.139602
0.111485
0.234944
0.260647
0.089254
0.280433
0.395219
0.508687
0.516208
0.623673
0.481564
0.362914
0.547923
0.437203
0.449226
0.631496
0.667709
0.693429
0.793553
0.824133
0.814168
0.708610
1.025775
0.983581
0.801897
1.204947
1.204542
0.995400
0.952099
0.931995
0.910016
1.054966
1.001413
1.001856
1.052245
1.069113
0.949173
1.031397
1.324634
1.301904
1.105034
0.856014
0.880485
1.141658
0.991550
1.031106
1.205740
1.092259
1.072478
0.904855
1.062085
0.951515
0.956545
0.815330
0.892296
0.890942
0.747012
0.791282
0.598419
0.758960
0.607106
0.504295
0.412044
0.490775
0.421865
0.414965
0.274047
0.306663
0.344694
0.279429
-0.013281
0.118906
0.138611
-0.117426
-0.083529
-0.109108
-0.257937
-0.250446
-0.219532
-0.343216
-0.403090
-0.621758
-0.485015
-0.499367
-0.528574
-0.552270
-0.631006
-0.671780
-0.788422
-0.949794
-0.974643
-0.778434
-0.913130
-0.814644
-0.968477
-0.763024
-0.910108
-1.016755
-1.062521
-0.977001
-1.024049
-0.885980
-0.891489
-1.032256
-0.743111
-1.121193
-0.973088
-1.066681
-0.621345
-1.068592
-0.973483
-0.928527
-0.753881
-0.709590
-0.531335
-0.692640
-0.596897
-0.697592
-0.653169
-0.724048
-0.454248
-0.383687
-0.557676
-0.334511
-0.294506
-0.429578
-0.179757
-0.096199
-0.252949
0.012731
-0.019297
0.001764
0.242994
0.180106
0.176287
0.241657
0.645232
0.333604
0.798284
0.649945
0.565286
0.793730
0.871780
0.751965
0.977248
0.971890
1.073414
1.110177
1.086278
1.027281
1.294128
1.324318
1.274851
1.406997
1.419055
1.432242
1.656501
1.595289
1.661597
1.699971
1.863746
1.768455
1.908662
1.977568
1.817944
1.997083
1.925614
1.905124
1.803663
2.093628
2.003116
1.963404
2.059316
2.007395
1.860072
1.999356
1.970887
1.978865
1.963761
1.852894
2.009586
2.003399
1.727026
1.866827
1.901711
1.972627
1.853462
1.545961
1.828003
1.734211
1.798957
1.634362
1.569663
1.472830
1.473065
1.374200
1.332729
1.356242
1.387195
1.298591
1.393981
1.393953
1.179087
1.087156
1.078895
1.133388
1.246028
1.061712
0.989840
1.065588
0.840710
1.114105
0.936788
0.969360
0.840457
1.204818
0.714463
0.840974
0.481199
0.955466
0.589840
0.700014
0.658080
0.744970
0.621053
0.732897
0.645242
0.621266
0.519426
0.675147
0.904396
0.803424
0.730749
0.743016
0.787816
0.803524
0.591746
0.722184
1.178253
0.792510
0.950210
0.781245
0.959717
1.094046
0.958907
0.957592
1.116704
1.031801
1.046305
1.171109
1.187892
1.372879
1.254814
1.531189
1.253272
1.485251
1.632342
1.552553
1.568860
1.529770
1.671010
1.985994
1.762798
1.922201
1.849752
2.108877
1.980274
2.056630
2.171280
2.116991
2.059107
2.324063
2.209986
2.374255
2.524316
2.396506
2.464426
2.500859
2.446822
2.460667
2.403908
2.554424
2.556110
2.648445
2.561125
2.642804
2.423600
2.622470
2.649405
2.599037
2.694861
2.518128
2.543162
2.536392
2.564373
2.733851
2.647048
2.701792
2.389017
2.549639
2.691092
2.527517
2.550571
2.253318
2.418867
2.464449
2.410222
2.260446
2.184565
2.212186
2.123610
2.231757
2.016055
1.846479
1.854136
1.812683
1.848783
1.719553
1.697401
1.849915
1.639662
1.541386
1.538685
1.493008
1.334433
1.124325
1.067313
1.113551
1.090093
0.893755
0.846547
0.836520
0.724889
0.610439
0.624108
0.365060
0.722225
0.401512
0.494694
0.218914
0.253745
0.309099
0.080530
0.115852
0.083940
0.068665
-0.025243
-0.079123
-0.129789
-0.129390
-0.204100
-0.371662
-0.106416
-0.187640
-0.128991
-0.300802
-0.251954
-0.426704
-0.411189
-0.374354
-0.259351
-0.413969
-0.376579
-0.285607
-0.249341
-0.339547
-0.366084
-0.346349
-0.380183
-0.416463
-0.221861
-0.577834
-0.261594
-0.168816
-0.257996
-0.300952
-0.208586
-0.118447
0.005446
-0.110913
-0.027829
0.123480
-0.014151
-0.061072
-0.000839
0.196377
0.016716
0.229007
0.034358
0.311825
0.267224
0.270474
0.233584
0.371402
0.259306
0.452490
0.384609
0.330604
0.615703
0.684919
0.444243
0.642452
0.593012
0.491110
0.543613
0.763136
0.937486
0.652690
0.650280
0.794922
1.043652
0.769112
0.647521
0.833245
0.515788
0.861294
0.582776
0.725762
0.714652
0.752051
0.878337
0.880230
0.578562
0.565371
0.643598
0.501372
0.633748
0.390320
0.529576
0.577412
0.340125
0.496988
0.452232
0.303574
0.270467
0.342893
0.209029
0.252451
0.132465
0.059012
-0.039205
0.220259
-0.001171
0.018788
-0.161542
-0.087729
-0.175428
-0.205533
-0.389815
-0.261676
-0.427194
-0.523368
-0.623915
-0.515769
-0.635160
-0.769185
-0.668130
-0.691590
-0.937313
-0.745515
-0.988624
-0.942012
-0.925695
-1.029068
-1.190255
-1.006465
-1.048502
-1.081639
-1.262547
-1.187885
-1.288145
-1.283245
-1.287844
-1.094383
-1.272155
-1.211117
-1.224229
-1.249619
-1.313019
-1.477826
-1.348791
-1.246837
-1.348662
-1.342251
-1.487179
-1.168779
-1.178576
-1.250508
-1.328865
-1.109919
-1.235476
-0.989701
-1.009290
-1.233592
-1.217298
-0.610821
-0.970003
-0.853072
-0.805812
-0.849080
-0.763307
-0.536354
-0.578046
-0.515197
-0.435949
-0.350178
-0.452656
-0.419590
-0.324566
-0.278047
-0.191915
-0.038881
-0.105691
-0.093192
0.112026
0.207451
0.380057
0.549163
0.396604
0.325481
0.418563
0.707357
0.650460
0.589535
0.789980
0.870011
0.917304
0.832795
0.848276
0.903131
1.072257
1.045358
1.026853
1.362266
1.196185
1.232942
1.430059
1.623666
1.418184
1.282948
1.287281
1.498849
1.331415
1.422742
1.544578
1.330398
1.367041
1.569040
1.325285
1.541849
1.522594
1.561385
1.418446
1.465650
1.496206
1.690978
1.486567
1.511093
1.423349
1.535615
1.407261
1.275399
1.313699
1.347239
1.276195
1.316278
1.251951
1.274374
1.148657
1.178355
1.200946
1.096927
0.896010
0.988591
0.974876
0.933987
0.965901
0.762882
0.869334
0.722611
0.703132
0.768084
0.598188
0.553059
0.646513
0.510594
0.346614
0.354880
0.582569
0.527894
0.485413
0.472312
0.384961
0.125960
0.190162
0.243340
0.376897
0.421607
0.183301
0.260682
0.176871
0.246659
0.204797
-0.100325
0.156549
0.343637
0.235270
0.334457
0.228643
0.432437
0.285110
0.140938
0.177118
0.435789
0.278677
0.370832
0.459572
0.344562
0.632455
0.440150
0.541034
0.622313
0.581589
0.669391
0.666419
0.824422
0.814315
0.670032
0.974765
0.879509
0.804891
0.999048
1.046708
0.983501
0.972989
1.132256
1.071037
1.405155
1.197634
1.288027
1.267238
1.339260
1.619107
1.465741
1.663438
1.803590
1.725988
1.652851
1.739338
1.692153
2.047367
1.815248
1.930049
1.690877
1.984420
1.986824
1.981942
2.070246
2.077634
2.002777
2.023253
2.111550
2.048214
2.083835
2.088248
2.084558
1.964189
2.005019
2.073341
2.264360
2.152998
2.112734
2.241865
2.108840
2.109052
1.973666
2.069617
1.878871
2.000986
1.799717
1.980487
1.720551
1.686690
1.708731
1.741380
1.713518
1.528537
1.649467
1.530326
1.643676
1.267033
1.244419
1.174805
1.227334
1.258537
1.337138
1.057902
0.977435
0.802644
0.861537
0.734357
0.738684
0.682060
0.721099
0.486495
0.419508
0.268767
0.245896
0.237860
0.290411
0.169686
0.263672
0.100437
-0.114450
-0.037018
-0.092339
-0.282124
-0.291349
-0.367413
-0.418426
-0.608001
-0.612808
-0.643935
-0.662933
-0.559644
-0.536539
-0.793641
-0.821236
-0.868850
-0.936582
-0.862971
-0.777202
-0.808511
-0.792576
-0.952662
-1.034995
-0.858009
-0.876723
-0.894532
-1.016971
-1.079496
-0.781023
-0.981793
-1.016870
-0.854370
-0.841571
-0.897463
-0.853184
-0.901692
-0.995692
-0.826698
-0.690228
-0.807843
-0.808880
-0.611436
-0.763091
-0.741390
-0.686872
-0.760145
-0.585814
-0.293672
-0.489163
-0.390564
-0.400094
-0.192482
-0.217199
-0.347058
-0.319357
-0.204024
-0.264165
-0.231610
-0.069642
-0.241867
0.001101
-0.135797
-0.130314
-0.114144
-0.101608
0.094136
0.048515
0.175367
0.108692
0.006123
0.115531
0.298153
0.157140
0.124289
0.261994
0.258552
0.371423
0.180917
0.203068
0.153291
0.011787
0.310024
0.362459
0.240804
0.162430
0.051045
0.072756
0.131284
0.049441
0.006978
0.036202
0.178338
0.092138
0.121654
-0.076756
-0.127068
0.010635
-0.117027
-0.341892
-0.129746
-0.329087
-0.342759
-0.301171
-0.716750
-0.570367
-0.752722
-0.581513
-0.726911
-0.801644
-0.830560
-0.891715
-0.960862
-0.782733
-0.756273
-1.026207
-1.002382
-1.141441
-1.016058
-1.074200
-1.373930
-1.178082
-1.327854
-1.314658
-1.344528
-1.472180
-1.495707
-1.590611
-1.570428
-1.736212
-1.804539
-1.732570
-1.811000
-1.785907
-1.770161
-1.768854
-1.975887
-1.857913
-1.907603
-2.008348
-1.885281
-1.839126
-1.797620
-1.739959
-1.939230
-1.848747
-1.881190
-1.819933
-1.866344
-1.809832
-1.781409
-1.768477
-1.722009
-1.749474
-1.729261
-1.684137
-1.613790
-1.672518
-1.682000
-1.753331
-1.668541
-1.498088
-1.319626
-1.299112
-1.319086
-1.382762
-1.136680
-1.462546
-1.133858
-1.060440
-1.048013
-0.981771
-0.893012
