2.064940
2.006820
2.146099
2.342020
2.282327
2.197860
2.392939
2.353964
2.484468
2.350234
2.311749
2.459417
2.437052
2.543205
2.615366
2.906627
2.705474
2.649237
2.779814
2.749806
2.876055
2.967751
3.006585
2.792986
2.948445
2.951432
2.921921
2.931521
2.702600
2.767050
2.823282
2.679912
2.860240
2.785753
2.708677
2.745435
2.649505
2.705817
2.730837
2.771809
2.792523
2.693734
2.593029
2.628680
2.578708
2.569661
2.463616
2.316389
2.348446
2.299327
2.086486
2.214404
2.179778
2.099398
1.925579
2.190408
1.741585
1.852275
1.699266
1.700821
1.423041
1.691146
1.683391
1.438031
1.444952
1.292255
1.355626
1.260872
1.047442
1.005784
1.188053
1.015963
0.954191
0.798427
0.892389
0.922386
0.382462
0.667921
0.518243
0.507581
0.493778
0.389779
0.475556
0.244192
0.121943
0.232558
-0.024322
-0.014414
-0.024998
0.020210
0.148178
-0.074720
-0.080624
0.084288
0.076506
-0.139569
0.054247
0.007441
-0.057490
-0.216725
