1.866719
1.912550
2.183473
2.092973
2.243876
2.183860
2.220690
2.250391
2.267495
2.500991
2.436589
2.605097
2.482205
2.590959
2.609133
2.517268
2.644164
2.627321
2.814563
2.797803
2.698835
2.802187
2.865973
2.737171
2.875542
2.849697
2.870922
2.840757
2.840339
2.719114
2.986288
2.761999
2.930031
2.635321
2.748863
2.615113
2.966938
2.847327
2.592782
2.615355
2.621453
2.759378
2.616190
2.663228
2.589815
2.535461
2.476928
2.440338
2.367786
2.329849
2.352388
2.357767
2.203255
1.998290
1.999820
2.033966
1.967504
1.959542
1.792722
1.732735
1.698873
1.736130
1.644883
1.555834
1.356543
1.226706
1.202948
1.191196
1.190807
1.123415
1.020319
1.040562
0.873467
0.746470
0.968874
0.604991
0.883863
0.590485
0.624215
0.466131
0.332053
0.434317
0.392134
0.308655
0.354545
0.261077
0.102128
0.208977
0.127433
0.157583
0.054628
0.093131
-0.011848
-0.001232
-0.133536
0.036524
0.094921
-0.081932
-0.118508
-0.164535
-0.144972
-0.242182
-0.078693
-0.237499
0.072917
0.026774
-0.145516
0.129477
-0.103155
-0.051730
0.025176
0.029916
-0.023942
0.042384
0.119592
0.123498
0.253188
0.094157
0.324986
0.340244
0.409568
0.246120
0.187255
0.275341
0.515884
0.439226
0.582438
0.438188
0.516773
0.622302
0.716191
0.872957
0.628268
0.712488
0.866044
0.730276
0.968175
0.814431
0.749879
1.080105
0.998360
1.064932
0.943964
1.043619
0.887420
1.006452
0.904397
0.941769
1.134588
1.160304
1.214562
1.155444
1.276971
1.320626
1.114610
1.117410
1.261082
1.145050
1.083814
1.108549
0.818271
1.241735
1.111637
0.927416
1.028835
0.972006
1.089707
0.956516
1.024752
0.774114
0.746956
0.792132
0.720596
0.677219
0.460874
0.458022
0.577859
0.613332
0.701086
0.410097
0.383789
0.399211
0.402856
0.278065
0.233914
-0.066504
0.320164
0.060588
-0.122387
-0.028795
-0.135497
-0.203262
-0.182964
-0.243056
-0.204727
-0.464733
-0.528141
-0.462260
-0.385942
-0.464213
-0.574286
-0.430371
-0.767859
-0.686516
-0.787837
-0.866276
-0.809094
-0.804998
-0.632784
-0.890718
-0.809570
-0.975005
-0.908590
-0.833396
-1.020958
-0.935937
-0.978703
-0.978633
-0.911315
-0.905340
-1.010389
-1.019509
-0.912178
-0.861345
-0.875990
-0.930427
-0.819023
-0.596900
-0.792549
-0.621544
-0.596173
-0.846230
-0.683330
-0.456915
-0.623584
-0.432559
-0.535637
-0.332768
-0.399420
-0.324254
0.077926
-0.340727
-0.055706
0.021725
-0.098732
-0.220501
0.220111
0.151962
0.093889
0.277397
0.163218
0.473890
0.487893
0.569307
0.704300
0.422934
0.593540
0.866703
0.943229
0.885737
0.995594
1.066946
1.164784
1.196308
1.182400
1.211822
1.266254
1.216068
1.226721
1.512873
1.641924
1.457210
1.410185
1.567579
1.659454
1.593189
1.742671
1.801594
1.786419
1.907284
1.869714
2.031459
1.846327
1.679554
1.793712
1.973184
1.955900
1.972623
1.921518
2.151350
2.042169
1.931562
2.036597
1.840807
1.878407
1.825378
1.933166
2.079535
1.886455
1.785471
1.842525
1.763891
1.562725
1.638917
1.709356
1.897085
1.566440
1.593867
1.496546
1.484795
1.397549
1.614455
1.464724
1.265037
1.434811
1.372030
1.251430
1.191315
1.113958
1.277560
1.181507
1.097133
1.197023
0.805957
1.091479
0.938711
0.958139
0.938300
0.910747
0.859010
0.766368
0.929408
0.734403
0.891873
0.772131
0.912076
0.657905
0.499425
0.567676
0.623707
0.754209
0.639666
0.507132
0.659830
0.517709
0.654688
0.542812
0.718905
0.651366
0.706508
0.684119
0.899100
0.835075
0.982031
0.663812
0.846608
0.914234
1.057117
1.041045
0.852323
1.146765
1.119392
1.139812
1.031983
1.097268
1.236114
1.321676
1.468752
1.442547
1.414820
1.494849
1.485452
1.500717
1.589376
1.601507
1.811760
1.766587
1.926997
1.630772
1.953582
1.895622
2.029853
1.969448
2.029108
2.162573
2.407617
2.175954
2.321922
2.271331
2.333755
2.173958
2.246205
2.526457
2.363621
2.609193
2.595365
2.653430
2.576204
2.779470
2.637300
2.794240
2.605838
2.553370
2.620146
2.723895
2.601461
2.650820
2.586996
2.684845
2.620945
2.544053
2.615764
2.638708
2.536688
2.569948
2.509469
2.588396
2.500249
2.483958
2.488906
2.343155
2.144047
2.145118
2.136201
2.212653
2.208328
2.098162
2.002395
1.917229
2.095737
1.770622
1.801135
1.726056
1.764547
1.593723
1.598032
1.380162
1.252878
1.422136
1.259649
1.252970
1.131432
1.037070
1.144281
1.073139
1.068177
0.912387
0.760931
0.769256
0.565741
0.573638
0.492803
0.340932
0.635845
0.332206
0.215325
0.237601
0.129512
0.211376
0.143977
-0.047717
-0.050753
0.102135
0.092619
-0.032423
-0.133326
0.051937
-0.255943
-0.275547
-0.240642
-0.148667
-0.400322
-0.252496
-0.350663
-0.399085
-0.232047
-0.349967
-0.437846
-0.306678
-0.278719
-0.316662
-0.535039
-0.482926
-0.377058
-0.346741
-0.384377
-0.204063
-0.532095
-0.159860
-0.223194
-0.145871
-0.215812
-0.275764
-0.156916
-0.143894
0.129031
-0.036326
0.056869
0.043193
0.183839
0.085329
0.066976
0.108665
0.000990
0.258168
0.299165
0.112705
0.503944
0.434837
0.513871
0.430702
0.527676
0.317592
0.515143
0.467302
0.479143
0.426683
0.504021
0.495896
0.419379
0.700536
0.649574
0.613101
0.840572
0.923927
0.565346
0.896218
0.727950
0.811800
0.829785
0.722382
0.819617
0.924908
0.799706
0.793739
0.696559
0.688202
0.957064
0.681931
0.681244
0.602134
0.746537
0.493814
0.629242
0.608894
0.398538
0.547964
0.469990
0.353002
0.589740
0.285073
0.249077
0.127962
0.052815
0.072699
0.163041
0.061974
-0.085008
-0.088806
-0.005272
-0.084624
-0.182467
-0.283730
-0.375030
-0.402952
-0.542006
-0.437441
-0.425047
-0.606499
-0.526495
-0.474041
-0.570195
-0.736609
-0.946845
-0.780283
-0.915333
-0.741100
-0.877537
-0.993784
-1.057164
-0.877283
-1.204489
-1.282223
-1.260284
-1.287625
-1.408178
-1.145427
-1.270502
-1.339395
-1.390374
-1.345307
-1.356717
-1.501137
-1.377203
-1.442916
-1.159562
-1.444351
-1.252025
-1.134114
-1.424039
-1.190561
-1.262160
-1.143685
-1.185496
-1.367782
-1.157271
-1.312042
-0.944304
-0.924657
-1.069531
-0.930748
-1.013509
-1.120276
-0.966587
-0.718444
-0.904568
-0.772581
-0.859623
-0.881387
-0.757260
-0.432628
-0.387095
-0.321280
-0.435765
-0.337989
-0.023964
-0.243881
-0.077026
-0.019118
0.239204
0.063708
0.210636
0.305616
0.428524
0.395706
0.239275
0.409246
0.518176
0.794336
0.626929
0.757173
0.648018
0.886565
0.964464
0.881281
0.986068
1.074964
0.965273
1.032816
1.094647
0.993471
1.039921
1.351088
1.329201
1.359578
1.288310
1.599793
1.326241
1.533906
1.434161
1.587879
1.406200
1.262353
1.472704
1.561054
1.559307
1.378876
1.469035
1.634986
1.584360
1.272146
1.476982
1.539550
1.325684
1.647873
1.466980
1.319375
1.329674
1.318347
1.292675
1.455272
1.189043
1.239421
1.237840
1.053067
1.147255
1.041187
1.085122
1.055547
0.828703
0.825560
1.128100
0.935289
0.854505
0.701126
0.706012
0.828593
0.649772
0.723082
0.597619
0.540167
0.643655
0.414008
0.414207
0.594046
0.287953
0.257841
0.280371
0.217122
0.401135
0.351997
0.320703
0.310770
0.319217
0.083598
0.188707
0.360861
0.230728
0.196561
0.297513
0.137758
0.387432
0.358419
0.219334
0.391279
0.309144
0.232875
0.341726
0.203922
0.364724
0.515243
0.343297
0.361882
0.371824
0.515491
0.323785
0.523624
0.524855
0.616678
0.633679
0.547349
0.583696
0.696526
0.824925
0.900658
0.935117
1.002124
1.081144
1.221625
1.001961
1.210143
1.319107
1.288672
1.310951
1.328067
1.494935
1.496357
1.278606
1.506223
1.558734
1.539653
1.724464
1.699589
1.624224
1.673214
1.799157
1.741625
1.871442
1.856447
1.955844
1.909438
2.007439
1.912169
2.192604
2.141717
2.248319
2.158585
2.144480
2.090236
2.107024
2.219233
2.134141
2.188626
2.134178
2.293213
2.123383
2.024275
1.888820
2.163269
2.042601
2.109803
1.812647
1.716051
2.018291
1.812155
1.947028
1.690630
1.790729
1.831288
1.610757
1.936632
1.568132
1.834660
1.220244
1.683032
1.468235
1.380122
1.442854
1.404284
1.155853
1.048612
0.996002
1.035042
0.841654
0.821433
0.903453
0.630999
0.602632
0.460322
0.525292
0.471327
0.454674
0.333871
0.391193
0.326497
0.065425
0.141030
-0.109564
-0.029161
-0.084374
-0.155121
-0.159415
-0.272342
-0.217160
-0.352080
-0.476514
-0.455442
-0.465044
-0.455402
-0.629248
-0.759853
-0.511032
-0.852991
-0.632407
-0.849295
-0.716914
-0.951036
-0.819489
-0.956978
-0.891019
-0.866128
-0.899558
-0.951976
-0.794122
-0.898375
-0.890157
-0.863111
-1.092519
-0.882489
-0.891696
-0.792550
-0.832552
-0.989829
-0.862526
-0.874822
-0.756005
-0.830224
-0.780520
-0.816520
-0.716293
-0.676489
-0.600971
-0.644013
-0.662111
-0.489372
-0.368551
-0.478290
-0.491610
-0.314453
-0.486522
-0.464514
-0.372932
-0.522057
-0.240438
-0.219676
-0.357222
-0.217445
-0.066985
-0.149534
-0.015564
-0.126709
0.002238
0.006882
0.005109
0.083954
0.068026
-0.050434
0.146702
0.146654
0.146338
0.178664
0.254752
0.023326
0.333894
0.256579
0.136145
0.398744
0.191622
0.171276
0.214843
0.084080
0.200017
0.320249
0.083101
-0.009039
-0.028191
0.064438
0.105626
-0.093664
0.132318
-0.186493
0.152227
-0.059023
-0.401808
-0.127220
-0.168016
-0.172222
-0.411556
-0.255619
-0.463087
-0.245691
-0.388553
-0.466416
-0.511818
-0.723921
-0.756408
-0.562140
-0.714294
-0.693211
-0.977997
-0.882723
-0.943703
-1.110836
-1.120037
-1.065371
-1.065228
-1.384051
-1.152456
-1.318196
-1.378539
-1.347244
-1.457916
-1.432261
-1.543531
-1.579232
-1.579143
-1.617298
-1.640691
-1.752400
-1.793873
-1.709679
-1.773900
-1.744151
-1.754848
-1.939598
-2.003959
-1.716283
-1.925438
-2.116745
-1.890080
-1.909415
-2.048668
-2.100750
-1.913229
-2.015069
-1.766869
-1.935386
-1.877797
-1.788204
-1.902261
-1.868632
-1.759473
-1.991639
-1.735462
-1.710667
-1.560547
-1.688573
-1.614039
-1.594751
-1.735058
-1.447812
-1.482723
-1.288997
-1.484616
-1.267890
-1.172037
-1.281416
-1.145110
-0.913472
-0.886467
-1.026671
-0.882037
-0.845170
-0.644630
-0.609731
-0.556972
-0.470995
-0.349558
-0.294193
-0.279561
-0.123270
-0.275010
-0.153459
0.017380
-0.136281
-0.059714
-0.012328
0.050636
0.162983
0.096419
0.160733
0.482083
0.398824
0.433691
0.610812
0.459420
0.356558
0.391151
0.521160
0.843631
0.646431
0.828662
0.635208
0.839030
0.736831
0.777841
0.665095
0.865420
0.849719
0.958694
0.977880
0.708872
1.068797
0.856420
0.899073
0.871098
0.880207
0.812623
0.876076
0.980230
0.855351
0.781007
0.780234
0.932312
0.709025
0.723093
0.810112
0.731521
0.790308
0.438998
0.628798
0.631637
0.499984
0.418804
0.316948
0.393993
0.421390
0.408711
0.366869
0.127779
0.284183
0.174238
0.190331
0.086600
-0.056638
0.075747
0.235242
-0.043841
0.146106
-0.230456
-0.057969
-0.171083
-0.097816
-0.176466
-0.326500
-0.308588
-0.337456
-0.411223
-0.216449
-0.499324
-0.345560
-0.408860
-0.401769
-0.587550
-0.356570
-0.373436
-0.479217
-0.379670
-0.452758
-0.346916
-0.404167
-0.509341
-0.329148
-0.297362
-0.418048
-0.271802
-0.306489
-0.211929
-0.246694
-0.186751
-0.127287
-0.012832
-0.065503
-0.114840
0.075278
-0.052861
0.142183
-0.174374
0.247934
0.119854
0.025562
0.149705
0.248812
0.323524
0.287542
0.482380
0.447115
0.435811
0.566795
0.498145
0.479558
0.781146
0.581611
0.808790
0.927988
0.945591
0.826166
0.898873
1.020423
1.074116
1.084498
1.253957
1.010790
1.054879
1.263296
1.090514
1.414506
1.378724
1.444491
1.465054
1.299307
1.446720
1.394948
1.567357
1.355146
1.452051
1.732610
1.480079
1.556321
1.347932
1.543312
1.382262
1.536962
1.554302
1.537511
1.406691
1.537637
1.402982
1.362940
1.442405
1.513703
1.211249
1.300686
1.166757
1.193832
1.081515
0.941471
0.956683
1.090847
0.734657
0.848474
0.839599
0.822676
0.645363
0.780259
0.762032
0.506309
0.501314
0.539627
0.402166
0.289280
0.355337
0.142043
0.141838
-0.092386
-0.177086
-0.138164
-0.159311
-0.158112
-0.159482
-0.379689
-0.440371
-0.462220
-0.419580
-0.608258
-0.579120
-0.638117
-0.762076
-0.808593
-0.907493
-1.107734
-1.164791
-0.827354
-1.002524
-1.055169
-1.153134
-1.280406
-1.135195
-1.239411
-1.405215
-1.231960
-1.377539
-1.378178
-1.439317
-1.591647
-1.413071
-1.347349
-1.441480
-1.377013
-1.464994
-1.714697
-1.557140
-1.522629
-1.440322
-1.414527
-1.412727
-1.594164
-1.419146
-1.461469
-1.490149
-1.453429
-1.499147
-1.438157
-1.438493
-1.337009
-1.377217
-1.290943
-1.215314
-1.273244
-1.364782
-1.234635
-1.093393
-1.178658
-0.982647
-1.045876
-1.118939
-1.031197
-0.975012
-0.891806
-0.975203
-0.863323
-0.721558
-0.786661
-0.768406
-0.828072
-0.686798
-0.674114
-0.733671
-0.587343
-0.429385
-0.602561
-0.606531
-0.478671
-0.453776
-0.564398
-0.426089
-0.560293
-0.389179
-0.401970
-0.417176
-0.500529
-0.429436
-0.349266
-0.239715
-0.304085
-0.425040
-0.430048
-0.453538
-0.335455
-0.409943
-0.341842
-0.297255
-0.426542
-0.400298
-0.500440
-0.673633
-0.576565
-0.690272
-0.620319
-0.599078
-0.704683
-0.554794
-0.839107
-0.632182
-0.876979
-0.926613
-0.864564
-0.975643
-0.996446
-1.093085
-1.046771
-0.927393
-1.306701
-1.268753
-1.194475
-1.329709
-1.298901
-1.420579
-1.493066
-1.626715
-1.611361
-1.593346
-1.748465
-1.626997
-1.768961
-2.030919
-1.853854
-1.712435
-1.902078
-1.932199
-2.318748
-2.075728
-2.064868
-2.134296
-2.153020
-2.412369
-2.339573
-2.412467
-2.424629
-2.471821
-2.409540
-2.436363
-2.417002
-2.434772
-2.537471
-2.421999
-2.573059
-2.337961
-2.460527
-2.631595
-2.468074
-2.546072
-2.446522
-2.422906
-2.269968
-2.442152
-2.392268
-2.465147
-2.247038
-2.369972
-2.287776
-2.204592
-2.154528
-2.303358
-2.176140
-2.128307
-1.881220
-2.014840
-2.000591
-1.839396
-1.974776
-1.950566
-1.729795
-1.882506
-1.745525
-1.557090
-1.466835
-1.561299
-1.446193
-1.224956
-1.209671
-1.167841
-1.192096
-0.999184
-0.973014
-0.920121
-1.065937
-0.874707
-0.905137
-0.784929
-0.724265
-0.535766
-0.553936
-0.414755
-0.425901
-0.378587
-0.577457
-0.356655
-0.026951
-0.190158
-0.208116
-0.140173
-0.245936
0.046638
-0.056083
0.055966
0.217005
0.286176
-0.013198
0.358793
0.320016
0.123663
-0.013212
0.299795
0.161168
0.364792
0.169197
0.230333
0.344223
0.273894
0.331828
0.336667
0.388142
0.605820
0.345862
0.365939
-0.013277
0.427868
0.109227
0.232416
0.151565
0.113622
0.301831
0.201437
0.216529
0.033184
0.232158
-0.127917
-0.040909
-0.084700
-0.142900
-0.186402
0.055200
-0.125110
-0.105056
-0.242787
-0.272537
-0.166101
-0.401936
-0.399875
-0.473807
-0.512542
-0.505272
-0.576410
-0.720431
-0.483613
-0.605400
-0.734260
-0.559320
-0.677886
-0.890412
-0.804687
-0.763479
-0.717902
-0.890518
-0.817056
-1.013457
-0.899181
-0.848891
-0.920050
-0.917612
-1.058016
-0.700493
-0.763116
-1.027888
-0.916409
-0.935081
-0.864445
-0.858588
-0.836035
-0.947597
-0.996022
-0.792197
-0.778849
-0.799101
-0.611543
-0.664673
-0.838740
-0.569669
-0.559109
-0.461601
-0.594464
-0.498625
-0.559946
-0.340358
-0.379594
-0.448543
-0.361577
-0.258990
-0.168263
-0.246742
-0.090085
-0.112905
0.042722
0.079040
0.118510
0.124849
0.115377
0.086023
0.177117
0.176003
0.470483
0.293923
0.425115
0.622593
0.602843
0.444032
0.474618
0.537031
0.704069
0.732222
0.672675
0.701709
0.925115
0.811859
0.846940
0.983501
0.938035
0.785962
0.880163
1.145213
1.009741
1.143790
1.097835
0.817994
0.969080
1.112388
0.938995
1.136558
1.136198
1.071662
0.919454
1.183440
0.917838
1.024930
0.790385
0.670198
1.004580
0.900065
0.843839
0.964009
0.716503
0.514690
0.651791
0.605165
0.472824
0.550225
0.503319
0.189926
0.450686
0.318150
0.243842
0.146794
0.235389
0.085253
0.047362
-0.184224
-0.100210
-0.385723
-0.180173
-0.139660
-0.278750
-0.210492
-0.509502
-0.426854
-0.673356
-0.646637
-0.721432
-0.903687
-0.868213
-0.980399
-0.969497
-0.984465
-1.150678
-1.270698
-1.245144
-1.197516
-1.383019
-1.465484
-1.396097
-1.600479
-1.572061
-1.751726
-1.641296
-1.706888
-1.745780
-1.792523
-1.546548
-1.821610
-1.724249
-1.888449
-1.890250
-1.958453
-1.832952
-1.858154
-1.795289
-1.901862
-1.957820
-2.023957
-1.987423
-1.826429
-1.805884
-1.883037
-1.902405
-1.851260
-1.872725
-1.996513
-1.880205
-1.840328
-1.744157
-1.888128
-1.810348
-1.669031
-1.724811
-1.809296
-1.811795
-1.673628
-1.589456
-1.484438
-1.730748
-1.520018
-1.531026
-1.411259
-1.603480
-1.355818
-1.392761
-1.276652
-1.472663
-1.283281
-1.138238
-1.274364
-1.167162
-0.911150
-1.131650
-1.086270
-1.088137
-1.014531
-1.037070
-0.662974
-0.971924
-0.981837
-0.909811
-0.813125
-0.915641
-0.737937
-0.689417
-0.930386
-0.821360
-0.811718
-0.709553
-0.748508
-0.622606
-0.666022
-0.900521
-0.761441
-0.932620
-0.877990
-0.893705
-0.992501
-0.832656
-0.935634
-0.803818
-0.734553
-0.998615
-1.026810
-0.832923
-1.051803
-0.986717
-1.094661
-1.140275
-0.983333
-1.195457
-1.246380
-1.375368
-1.285222
-1.360910
-1.326374
-1.373247
-1.577764
-1.500756
-1.544583
-1.668302
-1.614904
-1.816680
-1.965769
-1.862753
-1.866624
-2.103702
-1.896378
-1.944824
-2.240047
-2.284159
-2.304915
-2.371910
-2.336284
-2.409071
-2.249755
-2.488936
-2.467087
-2.559583
-2.530878
-2.544578
-2.733550
-2.825783
-2.871820
-2.720425
-2.673228
-2.851411
-2.970564
-2.576312
-2.905981
-2.978052
-2.816644
-2.875745
-2.943649
-2.831956
-2.752933
-2.895061
-2.901240
-2.886722
-2.838544
-2.630380
-2.666656
-2.721810
-2.693189
-2.606913
-2.736693
-2.728042
-2.433867
-2.628006
-2.536413
-2.401626
-2.500641
-2.430696
-2.191357
-2.446236
-2.292645
-2.077306
-2.104668
-2.122497
-1.939302
-1.954383
-1.661809
-1.833809
-1.691769
-1.712366
-1.762797
-1.723427
-1.512598
-1.645030
-1.509057
-1.408646
-1.362206
-1.146243
-1.308161
-0.990020
-1.171677
-1.028471
-0.925133
-0.887929
-0.980677
-0.611633
-0.708625
-0.552118
-0.540766
-0.580048
-0.547832
-0.392903
-0.431485
-0.264661
-0.237068
-0.387778
-0.413218
-0.110368
-0.167989
-0.078331
-0.119224
-0.121839
-0.156676
-0.088025
-0.003666
0.130156
0.181065
-0.047823
0.007089
-0.084723
0.124657
0.031250
0.180778
0.102387
0.089707
0.026546
-0.087740
0.186483
0.041426
0.145157
-0.094646
0.026817
-0.012782
-0.128863
0.091861
-0.252377
-0.059737
-0.152082
-0.281558
-0.402011
-0.204489
-0.522110
-0.329748
-0.393408
-0.345002
-0.462005
-0.602528
-0.520398
-0.666248
-0.467845
-0.653682
-0.755313
-0.677352
-0.743087
-0.893819
-0.730025
-0.665563
-0.826284
-0.767216
-0.985423
-1.106667
-0.896199
-1.080139
-0.944870
-1.053936
-1.047031
-1.018079
-1.162678
-1.023963
-0.883143
-1.115778
-1.157297
-1.191294
-1.239650
-1.414590
-1.135367
-1.076587
-1.137988
-1.091612
-1.299734
-1.259192
-1.048935
-1.274537
-0.933878
-0.963212
-1.010499
-1.099437
-0.929337
-0.928493
-0.902985
-0.883676
-0.857282
-0.725422
-0.788068
-0.637398
-0.601120
-0.508180
-0.525240
-0.351693
-0.484945
-0.339419
-0.522966
-0.347949
-0.442671
-0.246816
-0.169548
-0.098012
-0.101102
0.181408
0.012765
0.119283
0.213354
0.307010
0.092692
0.192213
0.174919
0.197956
0.495219
0.423288
0.497619
0.568274
0.859995
0.711684
0.701716
0.658325
0.742266
0.699777
0.882751
0.843258
0.826287
0.818467
0.881017
0.850094
0.754982
0.871245
0.625856
0.848548
0.830146
0.936497
0.798049
0.889790
0.792161
0.856320
0.869354
0.767997
0.643032
0.908237
0.775366
0.632772
0.677805
0.738710
0.533004
0.541430
0.573215
0.435934
0.638855
0.343337
0.381100
0.294713
0.070251
0.268965
0.193540
0.157820
-0.118014
-0.057575
0.060430
-0.088426
-0.186581
-0.483775
-0.215927
-0.415426
-0.406258
-0.483318
-0.544218
-0.701455
-0.759264
-0.718637
-0.748900
-0.908039
-0.995807
-0.984558
-1.143460
-1.083042
-1.119408
-1.283689
-1.386260
-1.345141
-1.436527
-1.531282
-1.623851
-1.535530
-1.752513
-1.415686
-1.825324
-1.742839
-1.912773
-1.902509
-2.052560
-1.797441
-1.744686
-1.945013
-1.947641
-1.983748
-2.085182
-1.980509
-2.040421
-1.908908
-2.063064
-2.289942
-2.060302
-2.034782
-1.954800
-1.989353
-2.233672
-1.931306
-2.089391
-2.092832
-2.083606
-1.839351
-2.038050
-1.845821
-2.152432
-2.027834
-1.979967
-1.833819
-1.911038
-1.604157
-1.694567
-1.661560
-1.672772
-1.609718
-1.717388
-1.422387
-1.661311
-1.508963
-1.446267
-1.533803
-1.557721
-1.327290
-1.336690
-1.202290
-1.133167
-1.293993
-0.967682
-1.169213
-1.088992
-0.975742
-0.912264
-1.147520
-0.995871
-1.126736
-0.792461
-0.965795
-0.745741
-0.893397
-1.026526
-0.842650
-1.134580
-0.810560
-0.858686
-0.720094
-0.997265
-0.812330
-0.751274
-0.913437
-0.892649
-0.858483
-0.787080
-0.893687
-0.972240
-0.875918
-0.935252
-1.034950
-0.956004
-0.978586
-0.961037
-1.028168
-1.068198
-0.714211
-1.017907
-1.244398
-1.099018
-1.222619
-1.409563
-1.367630
-1.384479
-1.317823
-1.514254
-1.394759
-1.599361
-1.592939
-1.693569
-1.691361
-1.702700
-1.803777
-1.864735
-1.801383
-2.013847
-2.012826
-2.100626
-2.156003
-2.173028
-2.225636
-2.132255
-2.200186
-2.293957
-2.288630
-2.329281
-2.477520
-2.356693
-2.553940
-2.559375
-2.474834
-2.731770
-2.586817
-2.709116
-2.847266
-2.492437
-2.727000
-2.835705
-2.929583
-2.777851
-2.647130
-2.732533
-2.929391
-2.782125
-2.894698
-2.764679
-2.831232
-2.693450
-2.788641
-2.718711
-2.897110
-2.619214
-2.665812
-2.756923
-2.584519
-2.727129
-2.546409
-2.619948
-2.556039
-2.617434
-2.378223
-2.327541
-2.348214
-2.288342
-2.287266
-2.177603
-2.240770
-2.221887
-1.926999
-2.030464
-1.828623
-1.785950
-1.808767
-1.592748
-1.661843
-1.649120
-1.494828
-1.369734
-1.499591
-1.328966
-1.426146
-1.301266
-1.201209
-1.241150
-0.937592
-1.155709
-0.875492
-0.996952
-0.692041
-0.732666
-0.549393
-0.697740
-0.407782
-0.537833
-0.352810
-0.290850
-0.300262
-0.222336
-0.259241
-0.130213
-0.312744
-0.180456
-0.067075
0.192817
-0.179664
0.213491
0.031120
0.147323
0.093941
0.268957
0.090040
0.128530
0.128815
0.212666
0.073558
0.193306
0.081591
0.129629
0.153065
0.203661
0.184205
0.292094
0.077807
0.042053
0.091848
0.020306
0.081804
-0.038179
-0.202777
-0.093018
-0.023246
0.085615
-0.074720
-0.177149
-0.043879
-0.137466
0.100392
-0.286920
-0.364656
-0.497582
-0.414666
-0.294140
-0.439055
-0.630541
-0.533379
-0.369208
-0.481192
-0.524251
-0.466031
-0.530804
-0.487233
-0.693379
-0.773653
-0.701483
-0.803710
-0.859011
-0.694866
-0.965134
-0.757129
-0.919034
-0.911981
-0.837577
-1.144929
-1.076570
-0.945565
-1.034163
-0.893688
-1.024918
-1.092499
-1.032771
-1.002161
-0.864748
-0.936100
-0.880540
-1.154113
-1.057999
-1.197280
-0.954098
-0.738461
-0.830760
-0.878623
-1.167072
-0.718936
-0.657522
-0.434222
-0.556531
-0.657591
-0.430133
-0.703803
-0.669567
-0.478957
-0.399721
-0.390931
-0.440738
-0.392626
-0.194158
-0.327650
-0.175902
-0.261303
-0.007992
-0.122726
0.167356
0.035930
0.187816
0.080244
0.215237
0.238926
0.510645
0.424808
0.334714
0.522995
0.514607
0.476695
0.739886
0.655414
0.863969
0.732955
0.866921
0.732918
0.909268
0.919482
1.161321
0.775833
0.953952
0.871764
1.230267
1.092960
0.883072
1.054899
1.161314
0.959734
1.014790
1.209849
0.926903
1.038543
1.281098
1.226253
0.985062
1.182050
1.019680
0.958194
0.859630
1.031486
1.035050
0.865420
0.888246
0.838266
0.847539
0.914054
0.826822
0.953672
0.790460
0.565384
0.570634
0.473896
0.565578
0.413137
0.499249
0.520400
0.333803
0.204090
0.185087
-0.030805
0.022248
-0.087007
-0.233353
-0.340140
-0.294736
-0.192420
-0.479842
-0.562979
-0.632800
-0.645352
-0.510337
-0.658901
-0.694206
-0.936655
-0.925071
-0.920130
-1.011292
-1.012896
-0.989631
-1.045249
-1.000792
-1.270990
-1.237747
-1.232441
-1.363742
-1.412634
-1.388805
-1.605430
-1.635246
-1.650801
-1.748855
-1.591409
-1.630768
-1.629838
-1.554000
-1.681411
-1.730217
-1.715542
-1.642769
-1.638677
-1.585656
-1.658154
-1.603937
-1.798593
-1.605081
-1.800594
-1.584384
-1.590012
-1.737636
-1.790169
-1.733264
-1.673356
-1.580658
-1.674847
-1.426485
-1.623290
-1.535992
-1.373975
-1.399491
-1.269723
-1.570956
-1.336016
-1.296564
-1.171484
-1.180106
-1.258714
-1.120634
-0.980114
-0.911273
-1.075999
-1.002933
-0.816005
-1.099370
-0.913105
-0.867907
-0.705509
-0.858431
-0.837247
-0.773571
-0.774661
-0.600582
-0.672360
-0.873785
-0.780233
-0.741331
-0.642288
-0.668496
-0.674443
-0.538485
-0.705334
-0.439619
-0.476426
-0.597698
-0.463352
-0.419100
-0.596456
-0.536939
-0.514183
-0.505979
-0.566904
-0.590007
-0.734123
-0.533769
-0.605338
-0.611543
-0.800865
-0.666002
-0.486868
-0.798438
-0.610315
-0.965500
-0.705767
-0.670790
-0.919033
-0.836784
-0.902449
-0.717645
-0.861804
-1.162612
-1.137820
-1.115389
-1.184505
-1.425729
-1.215069
-1.217474
-1.235368
-1.378064
-1.539940
-1.439834
-1.583486
-1.654338
-1.816853
-1.738619
-1.706920
-1.847048
-1.863338
-2.037412
-2.052062
-1.916142
-2.009002
-2.007624
-2.065468
-2.140461
-2.241727
-2.240760
-2.119549
-2.533459
-2.257470
-2.448950
-2.317381
-2.307648
-2.396724
-2.521114
-2.301968
-2.286295
-2.356983
-2.461439
-2.421072
-2.429438
-2.398174
-2.448617
-2.519883
-2.659606
-2.522308
-2.280589
-2.154013
-2.233365
-2.253825
-2.238765
-2.258323
-2.370865
-2.277641
-2.036303
-2.118775
-1.960638
-2.100067
-2.023955
-1.977572
-1.714396
-1.935093
-1.750018
-1.823288
-1.627650
-1.572900
-1.500529
-1.571999
-1.433878
-1.308778
-1.205890
-1.034314
-1.072755
-1.200720
-1.112613
-0.789625
-1.039765
-0.973181
-0.797469
-0.591449
-0.696895
-0.687407
-0.518690
-0.332255
-0.539878
-0.246188
-0.381359
-0.054507
-0.220340
-0.152456
0.025296
-0.009998
0.177003
0.200109
0.355640
0.208966
0.121385
0.479568
0.297594
0.320289
0.466457
0.658503
0.680260
0.411860
0.409622
0.413713
0.641764
0.422093
0.471579
0.586920
0.649103
0.508016
0.526921
0.597741
0.599609
0.570536
0.754328
0.595220
0.632757
0.605412
0.514848
0.376692
0.577356
0.324661
0.510633
0.521928
0.513976
0.391386
0.366645
0.532851
0.260229
0.484530
0.189011
0.344403
0.222989
0.057086
-0.130068
0.077909
0.145184
-0.028327
-0.020911
-0.057904
-0.177749
-0.033939
-0.073351
-0.212653
-0.340185
-0.151932
-0.181295
-0.331123
-0.459392
-0.372603
-0.474802
-0.465875
-0.318896
-0.345049
-0.447705
-0.433129
-0.457791
-0.566309
-0.493942
-0.554265
-0.452715
-0.438837
-0.555740
-0.530001
-0.519089
-0.502562
-0.507608
-0.350667
-0.509099
-0.307902
-0.414881
-0.399754
-0.346397
-0.231294
-0.417078
-0.346429
-0.146388
-0.263521
-0.330769
-0.166409
-0.008184
-0.037971
-0.022358
-0.040553
0.080311
0.108445
0.052715
0.175886
0.086468
0.250854
0.347252
0.402942
0.396272
0.389645
0.516025
0.518153
0.556482
0.715710
0.699168
0.666864
0.962927
0.859965
0.888479
0.713375
0.897182
1.131348
1.006789
1.149545
1.360171
1.198711
1.299247
1.250667
1.555521
1.430918
1.393745
1.676419
1.415535
1.533874
1.478534
1.619805
1.514589
1.532583
1.601244
1.640569
1.676772
1.510829
1.645123
1.588829
1.643988
1.631823
1.635534
1.499467
1.426056
1.522675
1.518764
1.573138
1.362790
1.549880
1.365087
1.534656
1.303658
1.265261
1.232099
1.233534
1.154500
1.074683
1.048818
0.976299
0.863348
0.880438
1.169440
0.915683
0.806834
0.661072
0.695606
0.423280
0.448327
0.528936
0.158025
0.295779
0.315541
0.181195
0.242450
0.082590
0.040233
-0.142320
-0.162975
0.160147
0.010658
-0.272158
-0.242237
-0.430962
-0.486467
-0.518419
-0.422992
-0.585580
-0.671773
-0.531357
-0.754077
-0.753552
-0.898641
-0.735762
-0.832434
-0.822870
-0.929628
-0.933766
-1.019635
-1.032955
-0.996955
-1.117129
-1.162148
-1.002318
-1.317218
-1.177500
-1.092792
-1.058321
-1.106214
-1.122538
-1.259677
-1.188265
-1.062421
-1.261098
-1.022071
-1.083004
-1.113939
-1.039037
-1.001286
-1.116787
-1.073012
-1.140936
-1.065206
-0.969837
-1.082220
-1.021764
-1.091287
-1.093273
-0.762968
-0.903711
-0.998007
-0.669210
-0.619883
-0.642193
-0.707880
-0.659187
-0.519260
-0.557987
-0.473034
-0.394841
-0.398465
-0.226304
-0.321232
-0.459915
-0.300151
-0.324968
-0.228460
-0.281295
-0.162297
-0.110877
-0.039958
-0.102197
-0.080614
0.009041
0.148866
0.013665
0.198229
-0.009277
0.175427
0.242772
0.201399
0.090685
0.103548
0.057530
0.075885
0.252293
0.120463
-0.022166
0.121683
0.085553
0.062100
0.028077
0.097434
0.055409
-0.089315
-0.054950
-0.054877
-0.163597
-0.195416
-0.114539
-0.286146
-0.112379
0.016803
-0.386742
-0.307330
-0.183695
-0.504727
-0.559180
-0.488285
-0.619679
-0.543906
-0.758534
-0.783475
-0.760276
-0.606877
-0.733118
-0.813324
-0.718631
-0.961990
-1.070966
-1.038885
-1.172412
-1.194020
-1.176447
-1.195430
-1.348831
-1.364623
-1.246818
-1.400128
-1.531005
-1.518351
-1.490746
-1.542388
-1.761259
-1.374528
-1.685924
-1.620534
-1.627682
-1.783995
-1.901190
-1.866494
-1.770097
-1.864851
-1.668741
-1.847753
-1.729467
-1.897548
-1.921442
-1.880027
-1.806020
-1.841770
-1.741350
-1.716832
-1.822038
-1.798363
-1.751602
-1.692695
-1.616476
-1.636382
-1.646088
-1.629923
-1.706504
-1.484354
-1.505869
-1.384528
-1.268034
-1.306866
-1.476738
-1.130734
-1.386232
-1.146698
-1.173933
-0.834239
-0.929014
-0.837520
-0.625777
-0.632539
-0.553946
-0.587171
-0.470891
-0.448364
-0.271648
-0.404081
-0.055922
-0.154531
-0.076874
-0.084157
0.082351
0.077340
0.238674
0.180388
0.213684
0.269423
0.451207
0.370683
0.510030
0.383498
0.465782
0.657426
0.639713
0.784304
0.727063
0.985634
0.984499
1.109821
1.069926
1.121297
1.208051
0.988095
1.302907
1.139441
1.278907
1.174045
1.125515
1.109274
1.183176
1.140907
1.199680
1.268233
1.300007
1.388981
1.212369
1.075045
1.292660
1.206352
1.069583
1.083675
1.224852
1.035825
1.093012
1.066619
0.969513
0.811310
1.026297
1.029899
0.951436
0.949698
1.252708
0.871985
0.953800
0.978547
0.876598
0.686537
0.896247
0.715191
0.563565
0.678510
0.559506
0.587788
0.440472
0.585423
0.265016
0.480983
0.442125
0.118599
0.407479
0.411113
0.147403
0.276711
0.303938
0.223241
0.151537
-0.041561
0.189831
0.193572
0.065515
0.066370
0.022793
0.079954
0.155956
0.117572
0.048606
0.188791
0.093502
-0.003212
0.054020
0.163752
0.187297
0.204861
0.119494
0.296638
0.130597
0.057463
0.294699
0.295921
0.339494
0.323030
0.391609
0.409744
0.410402
0.600243
0.564928
0.654796
0.646782
0.613212
0.582277
0.860316
0.769276
1.052632
0.737091
0.856929
0.940642
0.971055
1.140315
1.245364
1.434432
1.080002
1.308407
1.563721
1.269802
1.394486
1.407852
1.661144
1.658197
1.591143
1.706151
1.859304
1.919326
1.887174
1.973855
2.058301
2.056753
1.892577
2.043759
2.146400
2.059101
2.003499
2.035581
2.228121
2.212384
2.182618
2.281860
2.340604
2.027496
2.307531
2.264687
2.349009
2.146175
2.319910
2.464203
2.216677
2.222953
2.326925
2.215281
2.073854
2.088192
2.136238
1.933228
1.916584
2.042749
1.948412
1.784829
1.752403
1.922526
1.717569
1.712959
1.654295
1.590552
1.582686
1.559593
1.541227
1.489968
1.469468
1.441818
1.271393
0.970712
1.016125
1.151494
1.088239
0.776436
0.911825
0.931321
0.675710
0.807870
0.586163
0.313837
0.609649
0.440537
0.315073
0.268824
0.240176
0.017477
0.236540
0.103506
0.103187
0.045171
0.007588
-0.261663
-0.170265
-0.184695
-0.200782
-0.043394
-0.284443
-0.413406
-0.384244
-0.314529
-0.375143
-0.465499
-0.478945
-0.515072
-0.576103
-0.665339
-0.567879
-0.595377
-0.617212
-0.689852
-0.652409
-0.600537
-0.295284
-0.491120
-0.484779
-0.563915
-0.555349
-0.559994
-0.589732
-0.660566
-0.388067
-0.526119
-0.587053
-0.431689
-0.397922
-0.476128
-0.326703
-0.511445
-0.365693
-0.228316
-0.114416
-0.198704
-0.003051
-0.130988
-0.144686
-0.012768
-0.013136
0.081175
-0.049040
0.084856
0.084179
0.153487
0.094487
0.272832
0.276258
0.328956
0.221501
0.353184
0.354858
0.626309
0.550065
0.598065
0.493412
0.603652
0.580680
0.489582
0.740205
0.568835
0.428374
0.600419
0.668162
0.672265
0.513441
0.683078
0.785505
0.611776
0.672599
0.706559
0.437543
0.916258
0.690761
0.647626
0.641975
0.676977
0.511979
0.477277
0.520838
0.554225
0.336815
0.558114
0.381219
0.301122
0.275068
0.464904
0.236483
0.293067
0.056530
0.092532
0.134973
0.098587
0.186779
-0.167187
0.048242
-0.150942
-0.252223
-0.377652
-0.218718
-0.265517
-0.223536
-0.359769
-0.486141
-0.474273
-0.630760
-0.442507
-0.380803
-0.821900
-0.619905
-0.732696
-0.703277
-0.968807
-0.704075
-0.913370
-0.956031
-0.987586
-1.064854
-1.029515
-0.893488
-1.229845
-1.292015
-1.059513
-1.324841
-1.171002
-1.415616
-1.174847
-1.397346
-1.310869
-1.171331
-1.354061
-1.364470
-1.227706
-1.153197
-1.174687
-1.358912
-1.159669
-1.205440
-1.268892
-1.167005
-1.152438
-1.198175
-1.175128
-1.084287
-0.931604
-1.039900
-0.933488
-0.911009
-0.900487
-0.888835
-0.629649
-0.675998
-0.442593
-0.534765
-0.484664
-0.309165
-0.378879
-0.280308
-0.293538
-0.300351
-0.195574
-0.079019
-0.057418
0.001297
0.287666
0.244205
0.204854
0.146226
0.358519
0.557741
0.614318
0.509194
0.735759
0.705203
0.707734
0.865275
0.787623
0.944751
1.013032
1.255943
1.149966
1.088134
1.366954
1.169763
1.177484
1.488156
1.367382
1.280560
1.521543
1.484209
1.641692
1.661711
1.622409
1.734812
1.665918
1.644353
1.865764
1.571554
1.748013
1.773537
1.757954
1.828861
1.786673
1.734330
1.580501
1.788243
1.792617
1.821996
1.896666
1.645424
1.703404
1.729096
1.806029
1.607025
1.539131
1.704793
1.560901
1.693969
1.595978
1.440316
1.560990
1.419595
1.433233
1.305994
1.402378
1.330349
1.220876
1.269004
1.107340
1.184961
1.139467
1.084436
1.100969
0.969901
0.889637
0.940410
0.851666
0.767869
0.836217
0.892464
0.631039
0.748011
0.725568
0.884627
0.611668
0.703769
0.660863
0.680610
0.518195
0.913075
0.841642
0.667805
0.781939
0.719583
0.653128
0.658936
0.644384
0.556394
0.744944
0.726292
0.621053
0.701412
0.763385
0.870128
0.733651
0.555743
0.763363
0.895055
0.742687
0.858777
0.761375
0.724818
0.865700
0.959163
0.829576
1.017445
1.095050
1.345551
1.259428
1.190478
1.099200
1.392185
1.285522
1.327576
1.465298
1.448594
1.694181
1.622134
1.597893
1.819847
1.825636
1.990718
1.830577
1.961591
1.945726
2.199454
2.068845
2.141569
2.306339
2.266125
2.159533
2.199297
2.389270
2.348770
2.348409
2.373201
2.426042
2.516349
2.569576
2.422567
2.616769
2.542080
2.451587
2.621489
2.710159
2.771704
2.658553
2.803509
2.662662
2.672543
2.664822
2.548265
2.608227
2.679659
2.641750
2.747580
2.637675
2.677969
2.646405
2.545691
2.513731
2.430557
2.428112
2.465652
2.441884
2.216602
2.284154
2.234831
2.229485
1.964801
2.203540
1.953715
1.854499
2.067312
1.877044
1.914179
1.796729
1.844810
1.617398
1.515564
1.640236
1.523171
1.390042
1.412822
1.381282
1.289109
1.078398
1.006414
0.978396
1.037918
0.885034
0.933971
0.836714
0.736334
0.825460
0.757880
0.640912
0.534332
0.609375
0.377267
0.204671
0.377417
0.244800
0.298796
0.116432
0.110178
0.150596
0.114420
-0.004301
0.024493
0.023749
0.134649
-0.196603
-0.260196
-0.083523
-0.075522
-0.114816
-0.201423
-0.200289
-0.330579
-0.049827
-0.091619
-0.124859
-0.171430
-0.044483
-0.223141
-0.048139
0.010494
0.198442
-0.150937
-0.079533
0.008247
0.011253
0.166967
-0.179639
0.117586
0.165698
0.287510
0.261219
0.067145
0.117425
0.137240
0.281417
0.256241
0.285607
0.150987
0.457299
0.558395
0.668731
0.585066
0.624424
0.543765
0.562969
0.738908
0.698400
0.697265
0.802748
0.693298
0.902950
0.806550
0.896267
1.095475
0.893354
1.054104
0.993406
1.196054
1.082505
0.988967
0.926738
1.102744
0.912524
0.900250
1.177868
0.955576
1.042411
1.174090
0.910247
0.874822
1.077138
1.098889
0.887997
1.003248
1.137870
0.927498
0.874881
1.024605
0.944183
0.881223
0.796983
0.995138
0.682746
0.572331
0.703215
0.691043
0.584550
0.798507
0.618952
0.439095
0.303241
0.424538
0.509577
0.329791
0.401131
0.245585
0.146238
0.119980
0.100914
0.004683
0.067961
0.073980
-0.045745
-0.248389
-0.147917
-0.274738
-0.310324
-0.521687
-0.317572
-0.399469
-0.367891
-0.457665
-0.644478
-0.554929
-0.525779
-0.705338
-0.720180
-0.943182
-0.872211
-0.710135
-0.555484
-0.906244
-0.747376
-0.691374
-0.784894
-0.939140
-0.799146
-1.004559
-0.857909
-0.991376
-1.078862
-0.913787
-0.929517
-0.929126
-0.845416
-0.836609
-0.921393
-0.817011
-0.939583
-0.687912
-0.936809
-0.841550
-0.802487
-0.682780
-0.611660
-0.539345
-0.437835
-0.471484
-0.618079
-0.442188
-0.299361
-0.055905
-0.268463
-0.173904
-0.140110
0.032105
0.055016
0.058852
0.094735
0.262892
-0.009438
0.448367
0.459971
0.475249
0.542206
0.638966
0.771971
0.916490
0.779979
0.894753
0.874926
0.799176
1.055945
1.126188
1.028340
1.149509
0.995758
1.249331
1.417985
1.369308
1.472640
1.735763
1.718363
1.464263
1.569083
1.808436
1.755162
1.761786
1.737169
1.863232
2.008956
1.787603
1.934955
2.105224
1.795732
1.926316
1.985819
2.048680
2.132450
2.002427
2.003222
2.018415
2.019108
2.111088
2.093469
2.075738
2.046499
2.010472
2.004898
1.915111
1.714241
1.777902
1.913792
1.910933
2.041911
1.815414
1.799472
1.870162
1.899114
1.663249
1.852790
1.717453
1.642011
1.627208
1.688604
1.418516
1.617478
1.395574
1.413121
1.399003
1.246319
1.281878
1.352907
1.032844
1.409395
1.110752
1.324439
1.042794
0.896836
1.028160
1.002980
1.131753
1.081596
1.055894
1.031979
1.022331
0.907070
0.806990
0.950923
1.091391
0.875801
0.866495
0.926133
0.841475
0.728702
0.875685
0.835789
0.840098
0.973923
0.910546
0.726359
0.788438
0.935246
0.887845
0.925832
0.858070
1.012646
1.130640
1.183447
1.120656
1.029469
1.158622
0.999453
1.396633
1.294391
1.300045
1.384179
1.310624
1.465609
1.526565
1.752702
1.661314
1.530944
1.673085
1.742247
1.801418
1.918804
1.892866
1.836819
2.081611
2.114445
2.039255
2.259984
2.200294
2.169746
2.142894
2.384194
2.467195
2.222541
2.467977
2.590402
2.588831
2.703130
2.514965
2.680390
2.606525
2.671871
2.725783
2.829764
2.854155
2.846064
2.868310
2.783705
2.851652
2.885246
2.956718
2.966703
2.755638
2.910244
2.852766
2.684713
2.743246
2.957843
2.843977
2.723350
2.805495
2.875300
2.811628
2.852286
2.753135
2.662718
2.613169
2.622319
2.662283
2.467295
2.493801
2.575689
2.436250
2.199630
2.303648
2.159407
2.266847
2.229704
2.066000
2.036454
1.949497
2.082353
1.862479
1.649435
1.748996
1.574746
1.553955
1.521461
1.558304
1.439419
1.226574
1.321457
1.305139
1.066364
1.258302
0.890649
0.948056
0.721009
0.855719
0.698347
0.688926
0.616069
0.594520
0.588213
0.397395
0.528209
0.453931
0.314599
0.438488
0.333647
0.217188
0.235405
0.222792
0.140284
0.135637
0.042166
0.015067
-0.043576
-0.049354
-0.135469
0.005013
-0.063985
-0.065866
0.091321
0.009300
0.055824
-0.131831
-0.118678
0.045735
-0.082024
-0.018957
0.184390
-0.066461
-0.029231
-0.059294
0.040078
-0.040662
-0.045792
0.080077
0.012487
-0.108310
0.024170
0.144383
0.168456
0.326130
0.276077
0.328890
0.353713
0.268183
0.572990
0.448181
0.552090
0.526265
0.570669
0.723353
0.619067
0.758961
0.602510
0.884039
0.741590
0.825525
0.671127
0.874478
0.655637
1.062876
1.051588
0.862835
1.187440
1.144579
0.933207
1.018995
1.058187
1.070354
0.975334
1.279797
1.134051
1.074120
1.233167
0.897565
1.111732
1.073654
0.991967
1.118049
1.075296
1.169307
1.111570
1.140826
0.995844
0.939156
0.925041
1.011723
0.997385
0.938721
0.892143
0.701250
0.886239
0.517452
0.511152
0.626366
0.490988
0.651835
0.710333
0.328765
0.650899
0.288732
0.289482
0.199609
0.196717
0.270646
0.258489
0.032250
0.034200
0.079504
0.081359
-0.051029
-0.345425
-0.167315
-0.354279
-0.442619
-0.426763
-0.473041
-0.314687
-0.501659
-0.471184
-0.622836
-0.688065
-0.675911
-0.546894
-0.527951
-0.782031
-0.701923
-0.770885
-0.869986
-0.738740
-0.820627
-0.806707
-1.028494
-0.930004
-0.927141
-0.746170
-1.033837
-1.076085
-0.921292
-1.063629
-0.899701
-0.753985
-0.902510
-0.731344
-1.043663
-0.809451
-0.896660
-0.928073
-0.817429
-0.755969
-0.750897
-0.675675
-0.686036
-0.657910
-0.440793
-0.537174
-0.675571
-0.427981
-0.322091
-0.362778
-0.230433
-0.275350
-0.213218
-0.248219
-0.148638
-0.098744
-0.105448
0.180072
-0.015854
0.296663
0.297402
0.288056
0.494601
0.618291
0.494325
0.609576
0.774206
0.691138
0.715790
0.937352
0.904068
1.016296
1.173808
1.270760
1.226504
1.278320
1.196970
1.335834
1.640700
1.230916
1.533314
1.535172
1.552773
1.547293
1.617158
1.681455
1.612169
1.722439
1.927839
1.829316
1.834222
1.843149
1.968397
1.850358
1.932395
1.938160
2.015998
1.830046
2.085762
2.007254
2.088733
2.110089
1.973041
1.873286
1.950144
1.893688
1.869058
2.004979
1.730971
1.849310
1.852981
1.738135
1.836306
1.820248
1.661760
1.563891
1.789654
1.638956
1.685745
1.784143
1.562949
1.638090
1.534326
1.340723
1.365871
1.316152
1.353332
1.283077
1.247192
1.182946
1.204511
1.049874
1.205753
1.096165
0.839119
1.035875
0.823816
1.036430
1.139329
0.772370
0.832570
0.947585
0.920343
0.845894
0.874105
0.803773
0.802003
0.831443
0.684106
0.825433
0.565678
0.800533
0.775510
0.557954
0.755466
0.817296
0.705285
0.739205
0.707266
0.679528
0.823045
0.634150
0.648804
0.696295
0.800484
0.712737
0.863513
1.038351
1.048460
0.784788
1.231461
0.867382
0.991471
1.181213
1.012519
1.272526
1.403517
1.357915
1.305764
1.211834
1.593669
1.465288
1.674097
1.633905
1.675588
1.751024
1.653116
1.634070
1.820854
1.899485
2.051652
2.007319
2.013558
1.949104
2.049808
2.210028
2.113462
2.219783
2.330501
2.317654
2.374795
2.383184
2.327307
2.598578
2.587543
2.555766
2.488368
2.734607
2.649948
2.533566
2.592408
2.620782
2.565101
2.621859
2.624436
2.634259
2.762932
2.521741
2.776760
2.602467
2.748781
2.491411
2.571482
2.614916
2.414908
2.506748
2.490033
2.552952
2.354794
2.647199
2.352990
2.445970
2.301569
2.257151
2.201882
2.125714
2.196968
2.167653
2.010016
1.897176
1.995460
1.882247
1.748522
1.779248
1.605634
1.783764
1.743442
1.276637
1.418679
1.258784
1.329894
1.224522
1.110411
1.173090
0.974328
0.829376
0.892464
0.653570
0.772839
0.729714
0.669879
0.621879
0.720091
0.556136
0.364326
0.236296
0.331381
0.208448
0.349164
0.164203
-0.020137
0.048135
0.010417
0.012765
-0.155328
-0.103453
-0.067467
-0.202754
-0.281809
-0.227457
-0.266348
-0.158780
-0.251766
-0.371485
-0.300599
-0.412101
-0.386283
-0.471606
-0.464030
-0.463659
-0.373326
-0.388741
-0.674013
-0.244589
-0.413049
-0.344460
-0.056798
-0.195127
-0.158201
-0.123504
-0.356626
-0.033920
-0.256851
-0.217074
-0.164625
-0.109269
0.079316
-0.170438
0.212096
0.028351
0.140054
0.123447
0.133008
0.179556
0.408698
0.224897
0.163988
0.338682
0.339224
0.398985
0.457031
0.479279
0.441358
0.375733
0.555037
0.667750
0.392529
0.476396
0.668834
0.452581
0.771567
0.710732
0.712513
0.621999
0.846539
0.902775
0.793223
0.895283
0.702325
0.749960
0.865242
0.815905
0.675843
0.901858
0.779674
0.868336
0.686698
0.735163
0.861137
0.726970
0.545289
0.548356
0.773728
0.749135
0.542823
0.472696
0.585041
0.499958
0.358203
0.476508
0.391243
0.393737
0.229662
0.358183
0.390627
0.212809
0.102752
0.180215
0.094886
-0.026199
-0.296463
-0.240499
-0.432833
-0.254405
-0.550336
-0.387355
-0.309505
-0.480422
-0.652592
-0.810936
-0.640263
-0.388995
-0.731014
-0.699588
-0.866994
-0.792462
-1.057925
-0.981306
-1.042634
-0.877686
-1.289208
-0.930321
-1.152645
-1.162078
-1.146882
-1.317113
-1.308995
-1.159680
-1.102772
-1.440988
-1.420036
-1.314197
-1.261258
-1.341270
-1.376845
-1.352124
-1.243405
-1.365895
-1.193028
-1.269923
-1.314329
-1.369414
-1.410595
-1.180357
-1.080094
-0.987221
-1.225295
-1.195537
-0.970480
-1.035534
-1.003119
-1.129750
-0.997819
-0.854660
-0.867783
-0.988293
-0.922597
-0.683637
-0.715887
-0.735829
-0.444835
-0.424988
-0.416664
-0.302262
-0.238831
-0.294791
0.045284
-0.071877
0.006911
0.001429
0.187303
0.202074
0.092234
0.072386
0.175130
0.458935
0.382271
0.525259
0.772035
0.519998
0.865586
0.847436
0.719918
0.637645
0.784878
0.949177
0.866775
1.341906
1.056133
1.113464
1.071296
1.094297
1.079150
1.243303
1.207191
1.367671
1.329026
1.526979
1.413229
1.569398
1.431640
1.533501
1.410232
1.609760
1.377857
1.536150
1.396737
1.461678
1.534976
1.402656
1.557542
1.488181
1.434038
1.410710
1.653753
1.381701
1.549832
1.395575
1.353445
1.375072
1.455108
1.301749
1.486230
1.266339
1.144784
1.366430
1.092203
1.110421
0.991551
1.259112
0.842783
0.826288
1.046457
0.926280
0.908693
0.609230
0.806522
0.805344
0.508937
0.524784
0.558543
0.431237
0.519156
0.524838
0.577947
0.535711
0.431983
0.563561
0.364066
0.421602
0.292606
0.364400
0.344710
0.365084
0.325576
0.299621
0.296875
0.071879
0.247630
0.084668
0.356147
0.005921
0.089386
0.267690
0.553283
0.090952
0.256566
0.448702
0.319376
0.205964
0.468606
0.238555
0.536998
0.399775
0.448578
0.595611
0.472780
0.596767
0.470173
0.614500
0.617208
0.614906
0.679553
0.749113
0.776866
0.817223
0.759458
0.984935
1.139334
1.218143
1.110485
1.189205
1.202491
1.084636
1.168471
1.417456
1.411177
1.440357
1.471658
1.307347
1.525140
1.539599
1.724207
1.750215
1.943869
1.763019
1.640049
1.856770
1.779079
1.996662
1.791062
2.082474
1.933572
1.998146
1.906763
2.002383
2.108649
2.122082
2.084009
2.185908
2.142935
2.104804
2.133349
2.194252
2.293783
2.024158
2.074646
1.958205
1.991857
2.031230
2.068003
2.081283
2.128584
2.222293
1.825609
1.912275
1.799921
1.621908
1.747156
1.728100
1.699950
1.604217
1.509630
1.519857
1.446629
1.529573
1.479577
1.430295
1.302440
1.283219
1.219472
1.219114
1.220980
0.952253
0.854622
0.879669
0.740657
0.546189
0.784704
0.661743
0.661145
0.455033
0.426528
0.441653
0.171076
0.299477
0.091589
0.097837
0.136673
0.104388
-0.204614
-0.085633
-0.185258
-0.130376
-0.265775
-0.269920
-0.386780
-0.440787
-0.562118
-0.507000
-0.604166
-0.712588
-0.922592
-0.635628
-0.674496
-0.730179
-0.847167
-0.614676
-0.887085
-0.797530
-0.941223
-0.727018
-0.768697
-0.977735
-0.762361
-0.820796
-0.983505
-1.112207
-0.987628
-0.693382
-0.815145
-0.814937
-0.833178
-0.796778
-0.640722
-0.714353
-0.792126
-0.826281
-0.642787
-0.755710
-0.766185
-0.748926
-0.711723
-0.500866
-0.610479
-0.402460
-0.652649
-0.460078
-0.457036
-0.644907
-0.287389
-0.403999
-0.388715
-0.279396
-0.473394
-0.284108
-0.058880
-0.176294
-0.193305
-0.096034
-0.119597
-0.054706
-0.007225
0.025458
0.006393
0.101316
-0.065022
0.134123
0.047079
0.246844
0.260003
0.030695
0.123798
0.201125
0.371076
0.142611
0.266292
0.193784
0.132646
0.114484
0.338378
0.276559
0.196919
0.156665
0.041926
0.189255
-0.015644
0.058440
0.221719
0.049798
0.118172
0.242863
0.097115
0.135158
-0.080513
-0.250582
-0.349165
-0.175495
-0.417751
-0.254664
-0.454885
-0.437692
-0.420329
-0.419234
-0.519711
-0.493290
-0.440734
-0.699862
-0.792281
-0.896471
-0.830782
-0.901132
-1.041011
-0.977206
-1.064974
-1.008512
-1.197923
-1.239172
-1.174988
-1.381286
-1.364799
-1.299771
-1.544787
-1.329957
-1.572636
-1.567332
-1.581126
-1.769018
-1.676705
-1.856333
-1.591273
-1.770079
-1.993671
-1.910958
-1.941352
-1.999931
-1.937340
-1.904123
-1.971123
-1.970913
-1.811515
-2.012060
-1.955996
-1.889166
-2.071294
-2.004127
-1.869237
-1.975125
-1.885518
-1.832290
-1.933489
-1.813689
-1.580326
-1.801205
-1.767674
-1.492842
-1.691480
-1.576020
-1.536460
-1.609928
-1.575578
-1.459123
-1.338111
-1.216528
-1.316110
-1.135505
-1.348420
-1.416540
-0.907308
-1.130574
-0.935898
-0.801604
-0.785188
-0.899497
-0.714465
-0.670227
-0.526376
-0.516975
-0.681455
-0.393320
-0.326068
-0.330557
-0.036771
-0.158253
-0.139982
-0.068350
-0.038827
0.052055
0.344768
0.021307
0.240314
0.170343
0.269807
0.480598
0.424288
0.349914
0.589334
0.625530
0.552611
0.872223
0.691404
0.838220
0.700710
0.780657
0.821678
0.877761
0.581352
0.919843
0.768518
0.845147
0.908073
0.823533
0.972077
0.946245
0.955710
0.909262
0.779008
1.070971
0.819649
0.943335
0.867001
0.923440
0.684990
0.712359
0.835941
0.841117
0.634977
0.821899
0.487833
0.464368
0.510448
0.702999
0.464559
0.563915
0.478723
0.580126
0.199150
0.139342
0.236457
0.235460
0.353562
0.296762
0.095176
-0.000451
0.034974
-0.083592
0.079807
0.020468
0.079459
-0.086351
-0.242604
-0.127429
-0.182729
-0.224157
-0.304722
-0.351484
-0.424386
-0.417379
-0.371861
-0.444594
-0.220055
-0.405982
-0.423910
-0.396433
-0.265260
-0.413859
-0.337301
-0.550569
-0.451403
-0.541586
-0.405486
-0.375583
-0.255505
-0.320426
-0.225140
-0.089266
-0.179818
-0.377636
-0.180276
-0.315341
-0.234400
-0.249734
-0.113502
-0.114635
-0.159863
0.072256
0.095877
0.133672
0.064149
0.169481
0.273020
0.091699
0.231412
0.279734
0.391373
0.318149
0.305555
0.523977
0.545675
0.409035
0.555861
0.751156
0.846771
0.700545
0.733901
0.810385
1.055404
0.996909
1.130224
1.244383
1.031444
1.187284
1.188689
1.284802
1.311608
1.420691
1.378797
1.090089
1.367591
1.460660
1.395556
1.512949
1.443425
1.426227
1.432168
1.470122
1.579196
1.498199
1.500321
1.686704
1.602974
1.583226
1.527315
1.225032
1.643732
1.420016
1.382254
1.643342
1.456333
1.259929
1.497105
1.395213
1.239814
1.433939
1.297648
1.178151
0.951359
1.380688
0.845166
0.828794
0.878393
0.861373
0.946866
0.659719
0.901090
0.804305
0.527210
0.520881
0.576385
0.443342
0.335995
0.291511
0.305551
0.468781
0.059906
-0.059679
0.017498
-0.076670
-0.045577
-0.274866
-0.379222
-0.418469
-0.217902
-0.387954
-0.382424
-0.519900
-0.619601
-0.738503
-0.781273
-0.823443
-0.744056
-1.122033
-0.744742
-1.128304
-1.089463
-1.055160
-1.417019
-1.092958
-1.223139
-1.410002
-1.268540
-1.291844
-1.505840
-1.538097
-1.191094
-1.413695
-1.350706
-1.309990
-1.454090
-1.608282
-1.553696
-1.715906
-1.487072
-1.519884
-1.520081
-1.660834
-1.305279
-1.383771
-1.422709
-1.463929
-1.416676
-1.344893
-1.269270
-1.402960
-1.611275
-1.268627
-1.600138
-1.341772
-1.205356
-1.018512
-1.177637
-1.224514
-1.198493
-1.186914
-1.035288
-1.041818
-0.949823
-0.893095
-1.022251
-0.844698
-1.051541
-0.765363
-0.876324
-0.733355
-0.853321
-0.733527
-0.689620
-0.846386
-0.665241
-0.682388
-0.535629
-0.551171
-0.553477
-0.325706
-0.383446
-0.531753
-0.568897
-0.437105
-0.366067
-0.331108
-0.450635
-0.408110
-0.385641
-0.442162
-0.340014
-0.537009
-0.477646
-0.420908
-0.411613
-0.520308
-0.297792
-0.532664
-0.444460
-0.613991
-0.629165
-0.434843
-0.371036
-0.560482
-0.492115
-0.561984
-0.709478
-0.694476
-0.839101
-0.646102
-0.698964
-0.956843
-0.774977
-0.924330
-0.969937
-0.985001
-0.994880
-1.233653
-1.221483
-1.144251
-1.496470
-1.416781
-1.336295
-1.508587
-1.448518
-1.654748
-1.639105
-1.619694
-1.669410
-1.706572
-1.653434
-1.744971
-1.972819
-2.038170
-2.087880
-2.043498
-1.924743
-2.161920
-2.144599
-2.107624
-2.186521
-2.300596
-2.477072
-2.214867
-2.343371
-2.338534
-2.450244
-2.400333
-2.312283
-2.291157
-2.444887
-2.598316
-2.400434
-2.595483
-2.329625
-2.550202
-2.468850
-2.427114
-2.443078
-2.629887
-2.513778
-2.480798
-2.378723
-2.364736
-2.378239
-2.390368
-2.261619
-2.218582
-2.211004
-2.384047
-2.106246
-2.184959
-2.082646
-2.108354
-2.045944
-2.152705
-1.790221
-1.912517
-1.874157
-1.660745
-1.590499
-1.497736
-1.566796
-1.593516
-1.603619
-1.251653
-1.454991
-1.338958
-1.180817
-1.115932
-1.100498
-1.065172
-0.986249
-0.894633
-0.817104
-0.833337
-0.695726
-0.489381
-0.590880
-0.426783
-0.488642
-0.421457
-0.346623
-0.260742
-0.301626
-0.237527
-0.103867
-0.146115
-0.049340
0.013938
0.095196
0.027454
0.130804
0.219812
0.275972
0.108304
0.456254
0.397191
0.190792
0.236523
0.217738
0.500217
0.242085
0.386374
0.282731
0.344698
0.235474
0.327093
0.408845
0.420775
0.287824
0.277603
0.092486
0.210904
0.498912
0.228810
0.315196
0.227488
0.141756
0.209113
0.096428
0.126265
0.102280
-0.059327
-0.027725
0.114653
-0.012646
-0.010293
0.108926
-0.087260
-0.263874
-0.156801
-0.228935
-0.311555
-0.282142
-0.322006
-0.407439
-0.349711
-0.461831
-0.217539
-0.412805
-0.601049
-0.733878
-0.573835
-0.729384
-0.820923
-0.738121
-0.700174
-0.804306
-0.695875
-0.819213
-0.838325
-0.877639
-0.943249
-0.893993
-0.761271
-0.958771
-0.815777
-1.000782
-0.907218
-0.879100
-0.856553
-0.947989
-0.942895
-0.869735
-1.083698
-1.024275
-0.903045
-0.857638
-0.748797
-0.628807
-0.772298
-0.876192
-0.947486
-0.752105
-0.533457
-0.684856
-0.580896
-0.479439
-0.506343
-0.529949
-0.373541
-0.538447
-0.343212
-0.213093
-0.226416
-0.105998
-0.100023
-0.037251
-0.200115
0.037212
0.090212
0.062970
0.062045
0.141433
0.246738
0.263585
0.256463
0.482861
0.434560
0.391920
0.501806
0.285065
0.573569
0.682807
0.577288
0.653667
0.790718
0.740423
0.841580
0.791464
0.837704
1.048900
0.831729
0.970239
0.963374
0.962658
0.926382
0.921845
0.945030
1.183707
0.970824
1.028790
1.150142
1.000444
1.126579
1.010801
0.874506
0.897507
0.994121
0.868477
1.005422
0.743407
0.921031
0.804590
0.742599
0.765033
0.900678
0.622886
0.786831
0.554578
0.602457
0.467290
0.485056
0.579426
0.285340
0.370775
0.178772
0.127571
0.074558
0.128365
-0.011289
-0.048656
0.082320
-0.103728
-0.196354
-0.377299
-0.475651
-0.422382
-0.590343
-0.469681
-0.556017
-0.665004
-0.708647
-0.802888
-0.938660
-0.911354
-0.993801
-1.179497
-1.053976
-1.134260
-1.249087
-1.220832
-1.421346
-1.280848
-1.473060
-1.411500
-1.464094
-1.568242
-1.713743
-1.571213
-1.774146
-1.635876
-1.864337
-1.825784
-1.896254
-1.896554
-1.729323
-1.639030
-1.954271
-2.074187
-1.890328
-1.868903
-2.007135
-2.029500
-1.928357
-1.831459
-2.073565
-1.956175
-2.022876
-1.852251
-1.879118
-1.951262
-1.803754
-1.594583
-1.881299
-1.883662
-1.704955
-1.856500
-1.717896
-1.682557
-1.676359
-1.769267
-1.726364
-1.647417
-1.484252
-1.690158
-1.768675
-1.383879
-1.579798
-1.478802
-1.470647
-1.302531
-1.369505
-1.222122
-1.283764
-1.157212
-1.321367
-1.012755
-1.142721
-1.062808
-0.921712
-0.964818
-0.955666
-1.075331
-1.063830
-0.849653
-1.013946
-0.927793
-0.795790
-0.936768
-0.857580
-0.792063
-0.802740
-0.733549
-0.847134
-0.518000
-0.824242
-0.695035
-0.643964
-0.698868
-0.799316
-0.862206
-0.808212
-0.714806
-0.853623
-0.806195
-0.921442
-0.735512
-1.036194
-1.022730
-1.017719
-0.936140
-0.957625
-1.118076
-1.174200
-1.377685
-1.262661
-1.210550
-1.300851
-1.200907
-1.299142
-1.420009
-1.537162
-1.391534
-1.748139
-1.565586
-1.674903
-1.515770
-1.835085
-1.669504
-1.896459
-1.972560
-2.085655
-2.082123
-2.136200
-2.035238
-2.059967
-2.063109
-2.176037
-2.155020
-2.346718
-2.294254
-2.387671
-2.484158
-2.345449
-2.431319
-2.721240
-2.550213
-2.576839
-2.653995
-2.735616
-2.904492
-2.754841
-2.732052
-2.822815
-2.722926
-2.867545
-2.702498
-2.820517
-2.747200
-2.935712
-2.940412
-2.895862
-2.870682
-2.862438
-2.912212
-2.786668
-2.911002
-2.640998
-2.677011
-2.634199
-2.750669
-2.755973
-2.558466
-2.504667
-2.665996
-2.384282
-2.499902
-2.432281
-2.352318
-2.298089
-2.203061
-2.162860
-2.140700
-2.199998
-2.097556
-1.977942
-1.970690
-2.035735
-1.918187
-1.757809
-1.793163
-1.443183
-1.647075
-1.663660
-1.578502
-1.322302
-1.439836
-1.260424
-1.077278
-1.160757
-1.171959
-0.905430
-0.885981
-0.687381
-1.017433
-0.711849
-0.768070
-0.694477
-0.594281
-0.512891
-0.261702
-0.588150
-0.524991
-0.294546
-0.257920
-0.379020
-0.397873
-0.273066
-0.219246
-0.109932
-0.047890
-0.099641
0.035798
-0.122129
-0.079783
0.048187
-0.039377
0.032514
0.091399
0.250572
0.229047
-0.119447
-0.051931
0.096764
0.081494
-0.044256
0.049170
0.036903
0.017100
-0.072004
-0.080604
-0.019446
-0.040671
-0.068763
-0.092688
-0.218741
-0.127376
-0.369118
-0.129333
-0.241712
-0.316102
-0.094198
-0.431256
-0.242385
-0.426911
-0.626030
-0.586973
-0.569231
-0.528331
-0.615915
-0.536355
-0.592003
-0.686421
-0.687757
-0.826975
-0.795577
-0.772880
-0.875556
-0.996557
-0.914583
-0.979030
-1.022737
-1.138652
-1.092349
-1.013881
-0.824068
-1.192934
-1.140667
-1.107887
-1.124113
-1.020604
-1.104469
-1.242103
-0.949092
-1.183999
-1.153474
-1.182823
-1.196754
-1.128120
-1.186198
-1.046467
-1.219097
-1.249373
-1.012623
-0.744622
-1.052191
-1.048199
-0.942304
-0.884398
-1.015185
-0.872758
-0.903647
-0.861567
-0.752071
-0.562056
-0.721972
-0.707157
-0.583478
-0.595238
-0.425124
-0.362571
-0.721139
-0.286975
-0.286184
-0.100682
-0.555939
-0.191707
-0.223189
-0.111648
-0.059938
0.128491
0.035622
0.193211
0.398366
0.397460
0.264684
0.376136
0.526749
0.298625
0.352785
0.435866
0.493043
0.552934
0.492515
0.584794
0.703155
0.728306
0.620771
0.825523
0.876868
0.701885
0.918818
0.823789
0.857653
0.781610
0.805036
1.007027
1.019470
0.669336
0.766025
0.857784
0.948483
0.969014
0.888880
0.793956
0.999459
0.859074
0.812152
0.702544
0.731505
0.556683
0.553340
0.710684
0.507336
0.690526
0.518044
0.499960
0.322351
0.411687
0.354318
0.312785
0.296031
0.039839
-0.010504
0.010326
0.052505
-0.153780
-0.179432
-0.152657
-0.412448
-0.220882
-0.419277
-0.648375
-0.590386
-0.617256
-0.678764
-0.801569
-0.750097
-0.827972
-0.969174
-0.942973
-0.887461
-1.166417
-1.124099
-1.167641
-1.240009
-1.255149
-1.503972
-1.497471
-1.638452
-1.327748
-1.569459
-1.503098
-1.728084
-1.699160
-1.921249
-1.861438
-1.882788
-1.803006
-1.888114
-1.884681
-1.972938
-1.981025
-1.981000
-1.940042
-1.962581
-1.991013
-2.047684
-2.044091
-2.169048
-2.110824
-2.210400
-2.061585
-2.110511
-2.097669
-2.133685
-1.786277
-2.040497
-2.089304
-1.870951
-1.959110
-1.857351
-1.914505
-1.892821
-1.897438
-1.907167
-1.860731
-1.850102
-1.862095
-1.531668
-1.519362
-1.732868
-1.492312
-1.538372
-1.461785
-1.440696
-1.450842
-1.303753
-1.413643
-1.371816
-1.410255
-1.179991
-1.086802
-1.072321
-1.164922
-1.009919
-1.014159
-1.022126
-1.138919
-1.172040
-1.020168
-0.933258
-0.859746
-0.932347
-0.782440
-0.772741
-0.774666
-0.883817
-0.833122
-0.955015
-1.003342
-0.725894
-0.845173
-0.946622
-0.912039
-0.801909
-0.846916
-0.832772
-0.987842
-0.922083
-0.913997
-0.833537
-0.951336
-0.838026
-0.958001
-1.004152
-1.010242
-0.998426
-0.902639
-1.190135
-1.161019
-1.262646
-1.182580
-1.284872
-1.238784
-1.490069
-1.398991
-1.396700
-1.582063
-1.565252
-1.413697
-1.557091
-1.660053
-1.710704
-1.777122
-1.956231
-2.020234
-1.893381
-1.994512
-2.012713
-2.044145
-2.132373
-2.251664
-2.282775
-2.334034
-2.407448
-2.309219
-2.465354
-2.461578
-2.533001
-2.681986
-2.673751
-2.545823
-2.457623
-2.600891
-2.592105
-2.642559
-2.723861
-2.634823
-2.818177
-2.859252
-2.743748
-2.775592
-2.758601
-2.881461
-2.970282
-2.797402
-2.935511
-2.630578
-2.806534
-2.802771
-2.806621
-2.644024
-2.662927
-2.681274
-2.716804
-2.776786
-2.648643
-2.684347
-2.652672
-2.645897
-2.557485
-2.458128
-2.388062
-2.439717
-2.360657
-2.414771
-2.215595
-2.229679
-1.981135
-1.876243
-1.987826
-1.988043
-1.978374
-1.879107
-1.683386
-1.868040
-1.683439
-1.518008
-1.585900
-1.382051
-1.272907
-1.359826
-1.314943
-1.358664
-1.135194
-0.918360
-0.955737
-0.812561
-0.798186
-0.829515
-0.912521
-0.947951
-0.729333
-0.593555
-0.613095
-0.432082
-0.384458
-0.351480
-0.507274
-0.314062
-0.180026
-0.080036
-0.093271
-0.068980
-0.006071
-0.081195
-0.043490
0.096011
0.055365
0.079892
0.068863
0.143614
0.246867
0.077101
0.029299
0.107045
0.220579
0.120308
0.165585
0.116454
-0.130694
0.091042
0.315952
0.206411
0.173306
-0.030142
0.265482
0.131387
-0.079719
-0.101817
-0.126743
0.117096
-0.063693
0.083784
-0.014596
-0.128403
-0.068029
-0.225077
-0.322214
-0.099100
-0.207769
-0.124998
-0.183396
-0.400503
-0.405027
-0.481007
-0.414881
-0.513314
-0.531165
-0.607062
-0.591388
-0.568875
-0.698007
-0.787362
-0.858632
-0.821455
-0.810398
-0.776316
-0.818757
-0.668894
-1.022951
-0.876154
-1.070163
-0.755959
-1.065201
-1.062797
-1.024137
-1.125822
-0.988725
-0.951573
-0.926549
-0.873367
-1.185254
-0.818501
-1.147082
-0.999544
-0.891764
-0.917602
-0.830116
-1.054680
-0.929405
-0.863854
-0.881903
-0.903047
-0.783657
-0.888221
-0.788360
-0.679292
-0.788678
-0.486816
-0.693571
-0.513655
-0.401520
-0.432425
-0.383870
-0.219156
-0.289324
-0.348054
-0.049023
-0.173318
0.134701
0.020438
0.046140
0.285932
0.241133
0.233820
0.154105
0.396953
0.341846
0.479713
0.458818
0.468634
0.575183
0.457763
0.668772
0.642964
0.545162
0.712008
0.825044
0.794437
0.655378
0.968755
0.775990
0.818716
0.923915
0.816224
0.969883
1.048869
1.023098
1.156571
1.105099
0.996139
1.141941
1.032936
1.226765
1.137109
1.261281
1.043454
0.999996
1.170644
0.942114
1.212663
1.008136
0.955567
0.961013
1.014719
0.869171
0.814559
0.751829
0.687583
0.616026
0.822474
0.658580
0.759422
0.360292
0.608585
0.703081
0.484333
0.297283
0.268625
0.349778
0.173375
0.127724
0.036307
-0.033956
0.062161
-0.047802
-0.112032
-0.359388
-0.358553
-0.380666
-0.596595
-0.407126
-0.526792
-0.566439
-0.650424
-0.680231
-0.865738
-0.792563
-0.917618
-0.871383
-1.102607
-1.073060
-1.134671
-1.148267
-1.318699
-1.328012
-1.358561
-1.541674
-1.313149
-1.465288
-1.440988
-1.544806
-1.486611
-1.473978
-1.627192
-1.787656
-1.669317
-1.527493
-1.686189
-1.647436
-1.624483
-1.727812
-1.824005
-1.732219
-1.889364
-1.768102
-1.619635
-1.706975
-1.748941
-1.810436
-1.679797
-1.704791
-1.773316
-1.624575
-1.553955
-1.574441
-1.484257
-1.579129
-1.629686
-1.571869
-1.656046
-1.286127
-1.447057
-1.319235
-1.283050
-1.061202
-1.249745
-1.137363
-1.180487
-1.285130
-1.117646
-1.141659
-1.145053
-1.044280
-1.030382
-1.027613
-0.818991
-0.955760
-0.940805
-0.881385
-0.851851
-0.739790
-0.682087
-0.676294
-0.743605
-0.663680
-0.705335
-0.615992
-0.735063
-0.433665
-0.816829
-0.320749
-0.536142
-0.455381
-0.423932
-0.372818
-0.637873
-0.609089
-0.523388
-0.370137
-0.412773
-0.390064
-0.410193
-0.269058
-0.528764
-0.434420
-0.598621
-0.679393
-0.697341
-0.703680
-0.655617
-0.821694
-0.716057
-0.751177
-0.743312
-0.780500
-1.001967
-0.867619
-1.020421
-0.954147
-0.851077
-0.915248
-1.022613
-0.914719
-1.219677
-1.213212
-1.139835
-1.460742
-1.331297
-1.366865
-1.245015
-1.545895
-1.563283
-1.750237
-1.554266
-1.529589
-1.810508
-1.901416
-1.797896
-1.960756
-1.816673
-2.055796
-2.087822
-1.979964
-2.052100
-2.166411
-2.265727
-2.270592
-2.256402
-2.341911
-2.455075
-2.053616
-2.065138
-2.291502
-2.407036
-2.435028
-2.462694
-2.383489
-2.387491
-2.294686
-2.439818
-2.553183
-2.392435
-2.391334
-2.555269
-2.318100
-2.416068
-2.375239
-2.433237
-2.131433
-2.410823
-2.287222
-2.302538
-2.265419
-2.235291
-2.019532
-2.171220
-2.104647
-2.049794
-1.844663
-1.842262
-1.748572
-1.725787
-1.736879
-1.511444
-1.711773
-1.540349
-1.483910
-1.538799
-1.443695
-1.367128
-1.438443
-1.438734
-1.352756
-1.201331
-1.071355
-1.191479
-0.888531
-0.878607
-0.896623
-0.617242
-0.665092
-0.522204
-0.477236
-0.562370
-0.374634
-0.341049
-0.177574
-0.081230
-0.153099
-0.354245
-0.059788
0.269147
0.238674
0.137358
0.154610
0.223386
0.206552
0.350501
0.219594
0.326552
0.382840
0.544063
0.482138
0.409768
0.604879
0.367523
0.507850
0.633950
0.665893
0.689611
0.503257
0.628465
0.552701
0.736852
0.646486
0.625973
0.567814
0.575754
0.583588
0.571636
0.631088
0.508321
0.387287
0.524233
0.801804
0.489236
0.398660
0.425060
0.341772
0.315351
0.375946
0.154354
0.529946
0.238444
0.143042
0.232332
0.104986
0.085114
0.042682
0.039064
-0.028580
0.009056
-0.210760
0.073551
-0.135318
-0.152674
-0.215507
-0.187967
-0.274436
-0.423295
-0.343480
-0.261498
-0.487855
-0.141445
-0.430329
-0.341286
-0.535048
-0.466228
-0.425469
-0.607376
-0.389250
-0.530537
-0.218260
-0.547061
-0.469084
-0.719251
-0.521248
-0.347062
-0.455314
-0.512846
-0.369367
-0.462399
-0.387396
-0.496602
-0.339977
-0.288308
-0.359908
-0.415767
-0.348714
-0.265669
-0.238602
-0.146496
-0.268965
-0.306483
0.045007
0.052739
0.252445
0.057449
0.156159
0.270164
0.250892
0.144695
0.437347
0.437525
0.332972
0.212622
0.548556
0.342852
0.597022
0.544819
0.844101
0.809841
0.789785
0.914020
1.105717
0.860974
0.955444
1.140649
1.204014
1.153385
1.190990
1.202936
1.247555
1.379076
1.270925
1.327794
1.248717
1.557410
1.528171
1.559528
1.526158
1.513348
1.511553
1.611880
1.517206
1.452001
1.655977
1.630948
1.725659
1.731755
1.755991
1.629189
1.473489
1.604726
1.735203
1.665367
1.576916
1.451645
1.352285
1.403701
1.504050
1.367162
1.423717
1.434944
1.388380
1.313276
1.147555
1.223964
1.104116
1.078367
1.072489
0.946908
0.899400
0.852247
0.652977
0.507318
0.820260
0.554741
0.680857
0.690983
0.315490
0.505298
0.243044
0.487498
0.419130
0.197484
0.225247
0.092684
0.035067
-0.106524
-0.148562
-0.146460
-0.164146
-0.198369
-0.275288
-0.531494
-0.501742
-0.570330
-0.691657
-0.714221
-0.783085
-0.683243
-0.950024
-1.018961
-0.808238
-1.010767
-0.989401
-1.134886
-1.000566
-1.095880
-0.946288
-1.033777
-1.012407
-1.253243
-1.193215
-1.200776
-1.077779
-1.222316
-1.120358
-1.292180
-1.084309
-1.334436
-1.078947
-1.166291
-1.263677
-1.176973
-1.224322
-1.003341
-1.081509
-1.164828
-1.051993
-1.108833
-1.120187
-0.898267
-1.005585
-0.853205
-0.864463
-0.870549
-0.815521
-0.776354
-0.865399
-0.822711
-0.732412
-0.753320
-0.569195
-0.847313
-0.562459
-0.453377
-0.352756
-0.569705
-0.387348
-0.410338
-0.417417
-0.430508
-0.493058
-0.175663
-0.163526
-0.320078
-0.029612
-0.126224
-0.160497
-0.118106
-0.055197
0.005995
-0.032396
0.075461
0.079869
-0.094841
-0.133725
0.154872
0.134076
0.081001
0.272799
-0.034013
0.154161
0.005639
0.070065
0.167406
-0.024766
0.131024
-0.000512
0.121666
0.011755
-0.196716
0.086864
0.162484
-0.118028
0.081585
-0.044414
0.094697
-0.090229
-0.166164
-0.273563
-0.219773
-0.188527
-0.329696
-0.335353
-0.647800
-0.652313
-0.748113
-0.606377
-0.730315
-0.619855
-0.779616
-0.857611
-0.757374
-0.920305
-1.008224
-0.876090
-1.045537
-1.035172
-1.161754
-1.154308
-1.427991
-1.356856
-1.105685
-1.443571
-1.376281
-1.348779
-1.375816
-1.548016
-1.611662
-1.729073
-1.501957
-1.601783
-1.781493
-1.942758
-1.756840
-1.721899
-1.889048
-1.775994
-1.616524
-1.838375
-1.669000
-1.875880
-1.747349
-1.860102
-1.878566
-1.836408
-1.871119
-1.871506
-1.769703
-1.782017
-1.659163
-1.872107
-1.815234
-1.772145
-1.819351
-1.629207
-1.653799
-1.661409
-1.406908
-1.458679
-1.337279
-1.406689
-1.413576
-1.304735
-1.148071
-1.094427
-1.200817
-1.109386
-1.203086
-1.071500
-1.051817
-0.949118
-0.824854
-0.669434
-0.866877
-0.634622
-0.579127
-0.423863
-0.522624
-0.437046
-0.265678
-0.136686
-0.094938
0.078717
-0.070964
-0.053970
0.331847
0.102636
0.161938
0.248691
0.429334
0.388967
0.531638
0.392873
0.452609
0.567797
0.709485
0.487483
0.439982
0.817660
0.723201
1.058219
1.002827
0.915314
0.856884
1.050943
1.023580
1.333597
1.114626
1.170634
1.330807
1.276635
1.125468
1.227766
1.209864
1.049211
1.300006
1.197740
1.210036
1.042022
1.036199
1.186416
1.139800
1.362266
1.332380
1.023183
0.986771
1.120470
1.091651
0.961023
1.071176
1.016192
1.176897
0.922940
0.890033
0.871437
0.859865
0.867762
0.742622
0.814397
0.725708
0.773385
0.672537
0.760367
0.589898
0.795818
0.726873
0.587121
0.394981
0.312103
0.409568
0.352371
0.433703
0.360547
0.426159
0.486998
0.322363
0.218170
0.041584
0.087048
0.050830
0.087857
0.109212
0.218170
0.080066
0.159946
0.042262
0.160160
0.017066
-0.078093
0.107377
0.170244
0.124538
0.042096
0.106511
0.103837
0.193569
0.180942
0.077624
0.162127
0.425973
0.245568
0.270616
0.252416
0.324245
0.561242
0.639319
0.537863
0.428686
0.457446
0.503476
0.744195
0.611549
0.827550
0.827510
0.916188
0.979806
0.774966
0.998456
1.244463
0.950860
1.206648
1.341488
1.350127
1.537060
1.407701
1.292099
1.528516
1.587840
1.486304
1.616133
1.582752
1.671888
1.637001
1.872180
1.765534
1.789760
1.787837
1.852792
2.010609
2.051212
2.073165
2.209708
2.020749
2.185781
2.113777
2.186656
2.141333
2.215224
2.227715
1.994386
2.302573
2.214198
2.200531
2.211901
2.240151
2.286597
2.086337
2.324585
1.938366
2.224116
2.083336
2.201064
2.026831
2.121792
2.033133
2.100695
2.059643
2.093179
1.898037
1.810467
1.621753
1.882091
1.823442
1.862313
1.546921
1.541318
1.422201
1.543192
1.321826
1.441376
1.126224
1.289509
1.190553
1.039355
0.868200
0.910902
1.158168
0.713112
0.706604
0.824877
0.690016
0.519445
0.603799
0.483976
0.359686
0.357826
0.232568
0.237378
0.152300
0.173657
0.010148
0.135842
0.015059
-0.055178
-0.146064
0.048268
-0.213171
-0.172608
-0.277420
-0.228662
-0.468619
-0.433611
-0.548617
-0.368931
-0.423144
-0.531110
-0.649368
-0.656560
-0.644641
-0.536940
-0.799343
-0.457695
-0.554520
-0.521783
-0.548200
-0.586712
-0.742160
-0.536442
-0.695567
-0.522045
-0.343870
-0.608176
-0.468452
-0.547779
-0.526117
-0.119734
-0.503346
-0.544661
-0.230550
-0.111558
-0.297388
-0.219818
-0.273684
-0.166389
-0.176816
-0.115452
-0.030347
-0.032138
-0.086353
0.011947
0.108415
0.003522
0.013291
0.147882
0.279636
0.229469
0.248303
0.192564
0.300469
0.415900
0.225424
0.342053
0.594136
0.586102
0.421919
0.490715
0.719538
0.493276
0.825143
0.661307
0.721287
0.651688
0.636952
0.644059
0.672121
0.678572
0.723422
0.663334
0.815646
0.704021
0.623789
0.690194
0.824602
0.609173
0.564488
0.771898
0.661623
0.561473
0.550706
0.584514
0.550624
0.573326
0.461417
0.506873
0.606467
0.421055
0.121254
0.281885
0.122110
0.094238
0.010008
0.196862
0.029277
-0.035785
-0.013351
-0.069508
-0.139967
-0.117424
-0.345235
-0.303288
-0.421115
-0.418652
-0.296726
-0.507754
-0.676995
-0.586659
-0.661125
-0.803716
-0.698655
-0.878524
-1.011502
-0.956224
-1.004978
-0.889749
-1.051612
-0.970591
-0.910620
-1.088147
-1.037327
-1.143054
-1.132045
-1.133589
-1.175515
-1.249113
-1.250427
-1.171362
-1.205864
-1.210568
-1.397210
-1.278775
-1.108740
-1.122076
-1.118538
-1.291317
-1.309516
-1.407782
-1.291312
-1.005191
-1.101528
-1.038211
-1.263219
-1.188840
-1.008728
-0.909500
-1.008540
-1.020212
-0.865042
-0.765703
-0.720652
-0.666993
-0.574184
-0.574002
-0.640975
-0.664223
-0.376109
-0.396149
-0.555594
-0.398285
-0.459567
-0.305290
-0.100765
0.064729
-0.202102
-0.005817
0.054740
0.358926
0.287088
0.457856
0.439377
0.374434
0.742237
0.576504
0.732984
0.541842
0.845287
0.815531
0.917937
0.900560
0.974167
0.986276
1.030983
1.411602
1.376990
1.154999
1.492153
1.439448
1.532070
1.370384
1.579596
1.500417
1.534750
1.595201
1.801049
1.627705
1.748935
1.602689
1.669895
1.788325
1.711627
1.764686
1.856986
1.667235
1.894387
1.900791
1.795174
1.689793
1.879314
1.680479
1.650624
1.760651
1.817828
1.697629
1.643529
1.558398
1.587075
1.588310
1.451309
1.746876
1.530551
1.601742
1.326528
1.444646
1.478741
1.156700
1.491077
1.164502
1.264463
1.343739
1.130855
1.330584
1.278154
1.142843
0.901530
0.993889
1.092582
1.061674
0.840494
0.779499
0.848553
0.865993
0.842859
0.696537
0.795159
0.850315
0.776146
0.688879
0.944127
0.725022
0.619709
0.692800
0.463408
0.553529
0.576060
0.739788
0.726056
0.700053
0.637230
0.465515
0.673732
0.575711
0.543028
0.551382
0.723317
0.681923
0.938890
0.745449
0.825126
0.739956
0.823889
0.764516
0.713471
0.846548
1.036212
1.090140
1.033323
1.097232
1.128766
0.980840
1.132209
0.901041
1.408543
1.488345
1.319993
1.499402
1.570847
1.767660
1.731750
1.566984
1.789480
1.887908
1.773084
1.771966
2.022639
1.861873
1.999249
1.914061
1.997482
2.011463
2.165445
2.346554
2.341440
2.325004
2.428924
2.403969
2.479207
2.458100
2.613795
2.493128
2.647799
2.527513
2.499777
2.693053
2.929976
2.778181
2.656997
2.700329
2.740342
2.752375
2.441907
2.766686
2.871054
2.704676
2.620297
2.883473
2.673814
2.685279
2.706599
2.651255
2.645750
2.468827
2.529928
2.397509
2.438299
2.397613
2.436012
2.489626
2.264067
2.151484
2.270154
1.940986
2.197505
1.946187
2.101006
1.830752
1.919613
1.848655
1.795638
1.768394
1.774167
1.778300
1.400237
1.534178
1.438380
1.411320
1.252668
1.169303
1.275397
1.042849
1.191052
1.100073
0.945645
0.966572
0.725433
0.850503
0.625361
0.487670
0.469463
0.534028
0.431988
0.363960
0.287552
0.325861
0.247001
0.319079
0.266175
0.311557
0.082555
0.012048
0.107547
0.028888
-0.023266
-0.022502
-0.034660
-0.116952
-0.062056
-0.107973
-0.239502
-0.057204
-0.272931
-0.288580
0.019704
-0.172180
-0.041840
-0.269354
-0.108490
-0.080915
-0.279747
-0.189324
-0.283397
-0.069201
-0.058082
0.015529
-0.157740
-0.090149
-0.034831
0.046031
0.074081
0.113870
0.024875
0.218271
0.272854
0.541504
0.302408
0.241179
0.448140
0.315522
0.491051
0.323865
0.512444
0.621286
0.539202
0.502601
0.556212
0.732002
0.719596
0.611524
0.697928
0.724416
0.811902
0.952141
1.113420
0.977707
0.887934
1.026165
0.892192
0.905059
1.349421
1.175046
1.022306
1.041200
1.083269
1.065318
1.182296
0.940536
0.904720
1.200303
0.960902
1.176052
1.136066
0.931369
1.078294
1.135565
0.815330
0.901047
1.049451
1.050076
0.989976
0.869526
0.862042
0.853005
0.769721
0.696876
0.576839
0.560990
0.548004
0.525490
0.648888
0.358226
0.442872
0.347512
0.548524
0.136909
0.365160
0.135324
0.144861
-0.017843
0.054753
0.106711
-0.081743
-0.052594
-0.265819
-0.159374
-0.139693
-0.348089
-0.432009
-0.440323
-0.335118
-0.355761
-0.559910
-0.594249
-0.508934
-0.859062
-0.601558
-0.546182
-0.341750
-0.725437
-0.914663
-0.919444
-0.977618
-0.877565
-0.905122
-0.922883
-0.987600
-0.809247
-0.756105
-0.917099
-0.884905
-0.905178
-0.832898
-0.875683
-0.750647
-1.100605
-1.012307
-1.019309
-0.773779
-0.886096
-0.866456
-0.712329
-0.854586
-0.845910
-0.612943
-0.624545
-0.439556
-0.462189
-0.383463
-0.491879
-0.511490
-0.393054
-0.305142
-0.444332
-0.129966
-0.342541
0.015542
-0.197629
-0.047248
0.105737
-0.042643
0.112100
0.247935
0.315292
0.595845
0.537127
0.487763
0.566578
0.722351
0.827410
0.889345
0.770464
0.975269
0.803815
0.968482
1.113017
1.099330
1.317063
1.202797
1.241518
1.448692
1.533263
1.314947
1.453344
1.576668
1.704809
1.527089
1.627265
1.934952
1.811111
1.978438
1.663406
1.996087
1.827632
1.931959
1.804857
2.017136
1.719081
1.969157
2.170120
1.962064
2.107947
2.057032
2.107125
1.923445
1.943282
2.067665
2.057219
2.088689
2.027411
2.225181
1.950781
2.101716
2.033508
1.977665
1.946211
1.929237
1.900590
1.855392
1.785328
1.796126
1.866902
1.525872
1.600589
1.697341
1.380473
1.646474
1.497836
1.587305
1.356297
1.445043
1.388237
1.362913
1.445585
1.363653
1.292180
1.235767
1.169580
1.138184
1.197969
1.031623
1.152685
0.752041
0.855359
0.986366
0.789742
0.813363
0.963222
1.166198
0.927544
0.942780
0.793496
0.863340
0.808482
0.793771
0.781234
0.949347
0.778685
0.868754
1.026533
1.062781
0.894867
0.950724
0.855957
0.896101
1.082042
0.872329
1.087123
0.959255
1.178632
1.032613
0.960215
1.061048
1.141675
1.232217
1.484929
1.224007
1.322310
1.159062
1.402757
1.352616
1.508155
1.692360
1.759034
1.693397
1.640719
1.905611
1.693744
1.981424
1.820408
1.984994
1.948308
2.054334
2.113111
2.162530
2.291715
2.481548
2.288119
2.430342
2.269010
2.369000
2.469573
2.546810
2.459120
2.528761
2.696795
2.711604
2.626679
2.742074
2.680354
2.690186
2.818736
2.680845
2.687705
2.884826
2.906583
3.009390
3.120836
2.749512
2.886317
2.854883
2.891279
2.985156
2.787960
2.814061
2.772601
2.712739
2.851420
2.793899
2.821614
2.640802
2.775798
2.849972
2.562985
2.497718
2.661512
2.404805
2.569263
2.413096
2.376117
2.296564
2.255317
2.234817
2.213371
2.102114
2.191789
2.067333
1.873950
1.848807
1.736691
1.810713
1.578477
1.478246
1.499986
1.396303
1.476686
1.176927
1.392686
1.244847
1.169732
0.925532
1.039330
0.922909
0.936075
0.893847
0.871777
0.553846
0.695567
0.555146
0.613521
0.515616
0.403829
0.416519
0.448942
0.328505
0.387429
0.201212
0.132338
0.124052
0.262739
0.133125
0.130006
0.065787
0.082189
-0.087170
0.012632
0.193314
-0.114582
-0.014509
0.112840
-0.134989
-0.007525
-0.139111
-0.032077
0.003228
-0.033135
-0.054811
-0.069444
-0.082941
0.020187
-0.070505
0.067733
-0.190566
0.128562
-0.153011
0.264449
0.040813
0.295983
0.108421
0.297840
0.265597
0.332322
0.281825
0.307959
0.491828
0.480684
0.439923
0.299404
0.468993
0.525001
0.603354
0.695196
0.734318
0.661768
0.703671
0.608604
0.835312
0.958885
0.888988
0.999449
1.129489
0.873802
1.056966
1.045046
0.941867
1.089368
1.054849
1.088681
0.913731
1.252451
1.025518
1.087545
1.230456
1.190182
1.337339
1.224117
1.143335
1.118202
1.254294
1.222502
0.920142
1.210980
0.819475
1.022007
0.986138
1.015852
0.878371
0.787311
0.891059
0.993816
0.815123
0.707435
0.825238
0.772650
0.722784
0.669180
0.525695
0.649168
0.306841
0.568908
0.587275
0.376250
0.333050
0.115203
0.364274
0.230411
0.017798
-0.096287
0.010924
0.010755
-0.008097
-0.004940
-0.101244
-0.214904
-0.310242
-0.285247
-0.496194
-0.554947
-0.380377
-0.583094
-0.485099
-0.533149
-0.751125
-0.470689
-0.627840
-0.784171
-0.727518
-0.604207
-0.939054
-0.861579
-0.981065
-0.806964
-0.986319
-0.747686
-0.913896
-0.872531
-0.865501
-0.908969
-0.835219
-0.869663
-0.677510
-0.943254
-0.923021
-0.941121
-0.920420
-0.780730
-0.924586
-0.853662
-0.862545
-0.732456
-0.713867
-0.883780
-0.781858
-0.609580
-0.591844
-0.465464
-0.501972
-0.577350
-0.439519
-0.171389
-0.324510
-0.345162
-0.251301
-0.146111
-0.073144
-0.002814
0.221233
-0.104100
0.290971
0.137219
0.251007
0.324692
0.161514
0.441308
0.370078
0.659869
0.602770
0.763130
0.661717
0.933354
0.902887
0.830440
1.009981
0.925530
1.318537
1.225484
1.327823
1.327149
1.379938
1.227160
1.353740
1.414787
1.618455
1.432031
1.549195
1.584445
1.715546
1.754677
1.601150
1.665886
1.702168
1.959271
1.990913
1.891077
1.926969
1.975052
1.767599
2.031368
1.768878
1.761442
2.033047
1.941295
1.760540
2.063170
1.973255
1.900769
1.762685
1.834706
1.775365
1.979616
1.926745
1.766106
1.660467
1.881633
1.533431
1.719475
1.708047
1.699328
1.688169
1.503411
1.549675
1.563851
1.453722
1.420475
1.327048
1.476427
1.494813
1.049503
1.299065
1.215030
1.129245
1.028792
1.199290
1.050915
1.103522
0.936985
1.019143
1.044294
0.972733
1.069260
0.665258
0.908499
0.802257
0.916750
0.838896
0.825034
0.710321
0.649406
0.766698
0.593015
0.744506
0.830867
0.635224
0.802770
0.702550
0.887826
0.574571
0.722971
0.807994
0.829611
0.780133
0.705200
0.744985
0.737404
0.939243
0.776360
0.912775
0.907851
0.886598
1.020257
0.980016
1.003628
1.068334
1.077343
1.204039
1.187998
1.194667
1.198114
1.336663
1.358310
1.405721
1.479807
1.560541
1.715011
1.434210
1.502054
1.639177
1.652905
1.878990
1.880039
1.935242
2.035727
2.060211
2.065876
2.081562
2.081162
2.020734
2.243690
2.378425
2.374515
2.230144
2.427387
2.476563
2.459995
2.511260
2.532651
2.399574
2.344828
2.649835
2.540929
2.555443
2.780969
2.540543
2.778566
2.785807
2.677839
2.623729
2.640689
2.644668
2.620906
2.716857
2.637113
2.585491
2.591659
2.729574
2.541834
2.557215
2.453884
2.566710
2.457968
2.498391
2.306823
2.408613
2.156305
2.385669
2.272660
2.035427
2.160926
2.103908
2.068583
1.834224
1.787682
1.672447
1.842167
1.567289
1.602608
1.522120
1.477028
1.572350
1.360641
1.347071
1.239825
1.080296
1.137928
1.086091
0.877948
0.820659
0.862075
0.663284
0.829592
0.702394
0.644642
0.524515
0.371230
0.396062
0.326127
0.419199
0.494827
0.142494
0.231948
0.282492
0.139046
-0.103955
-0.051523
-0.011621
-0.021747
-0.139803
-0.254135
-0.126192
-0.195727
-0.200375
-0.268036
-0.169893
-0.584350
-0.444340
-0.224372
-0.501960
-0.270776
-0.197951
-0.320498
-0.536361
-0.302994
-0.394733
-0.293668
-0.296389
-0.529297
-0.182530
-0.254984
-0.283727
-0.179419
-0.210424
-0.300491
-0.160373
-0.220641
-0.205031
-0.146894
-0.058320
0.009901
-0.087142
-0.196769
0.092229
0.131579
0.055279
0.160899
0.188751
0.331918
0.118948
0.225342
0.418431
0.355757
0.531603
0.089666
0.332842
0.499931
0.442566
0.649059
0.547387
0.704490
0.711019
0.718578
0.607835
0.670298
0.741809
0.829162
0.835777
0.664398
0.763158
0.771010
0.857646
0.805441
0.680241
0.626471
0.862001
0.790497
0.801566
0.478126
0.799842
0.702228
0.725281
0.702674
0.736053
0.630011
0.758684
0.820598
0.619449
0.535345
0.492654
0.467619
0.333136
0.445825
0.386941
0.268941
0.292470
0.075504
0.217535
0.191309
0.244794
0.181016
0.088870
-0.026335
-0.057251
-0.229383
-0.243687
-0.282909
-0.354584
-0.333842
-0.362635
-0.416072
-0.415329
-0.395171
-0.551736
-0.612698
-0.637797
-0.705377
-0.880761
-0.746005
-0.989926
-0.825501
-0.893388
-1.071985
-1.125732
-1.168011
-1.099197
-1.084107
-1.238962
-1.174634
-1.122983
-1.254461
-1.162754
-1.356811
-1.200592
-1.342789
-1.442574
-1.241208
-1.431698
-1.410985
-1.439918
-1.255136
-1.186993
-1.386458
-1.394374
-1.143602
-1.334762
-1.358715
-1.013913
-1.280242
-1.165699
-1.224703
-1.152880
-0.976061
-0.946572
-0.978758
-0.911436
-1.004751
-0.783486
-0.740728
-0.682067
-0.703887
-0.823495
-0.725711
-0.372589
-0.615881
-0.225672
-0.369219
-0.347180
-0.170772
-0.040791
0.058358
-0.088456
0.082013
-0.118410
0.165190
0.331026
0.394369
0.310661
0.325877
0.650897
0.708127
0.401471
0.646209
0.555896
0.704079
0.909727
0.859382
0.952596
0.969268
0.943686
1.023038
0.959484
1.231729
1.070926
1.154291
1.070618
1.229615
1.377447
1.213143
1.425360
1.191404
1.260270
1.261678
1.590035
1.365990
1.512521
1.436034
1.343681
1.443398
1.418597
1.551178
1.483672
1.528268
1.338700
1.523921
1.567829
1.479985
1.554306
1.409517
1.440804
1.350500
1.352352
1.130832
1.297672
1.230077
1.360272
1.264148
1.268888
1.448756
1.138972
1.203033
0.765367
1.035762
1.050190
1.031685
0.744100
0.824803
0.824735
0.844638
0.730044
0.842734
0.901582
0.705843
0.732225
0.447269
0.486179
0.406571
0.573476
0.414112
0.582235
0.316322
0.501401
0.283289
0.263213
0.228103
0.239647
0.096625
0.232774
0.324771
0.448506
0.089222
0.230115
0.149571
0.314899
0.205077
0.258612
0.155081
0.168387
0.122963
0.289988
0.226468
0.176993
0.323051
0.467007
0.460557
0.363633
0.427945
0.336662
0.306190
0.440327
0.622827
0.474472
0.594078
0.781255
0.664682
0.504661
0.567057
0.847628
0.743087
0.835767
1.054906
0.994337
1.007939
1.044653
1.004530
1.147241
1.322845
1.349475
1.358587
1.424747
1.310907
1.413991
1.541688
1.478486
1.464934
1.449708
1.459938
1.830692
1.720082
1.793735
1.829668
1.802297
1.826542
1.921721
1.880812
1.913994
2.119800
2.025740
1.883353
2.185977
2.121390
2.244740
1.971459
2.345819
2.284066
2.264514
2.163285
2.171272
2.184683
2.173416
2.067181
1.998209
2.323070
2.260823
2.215379
1.997559
2.040814
1.947103
2.017348
2.179390
1.897679
1.680019
2.108063
1.818850
1.717904
1.498334
1.714646
1.607437
1.503331
1.394332
1.376333
1.334674
1.001903
1.157589
0.956081
1.152489
0.925664
0.997018
0.900640
0.689794
0.944444
0.764711
0.505267
0.500736
0.439811
0.462382
0.361253
0.434612
0.106794
0.285750
0.084311
-0.072555
0.011165
-0.041975
-0.083996
-0.150010
-0.186844
-0.278132
-0.301441
-0.218961
-0.341243
-0.590228
-0.664429
-0.666604
-0.603687
-0.627356
-0.583675
-0.643824
-0.585817
-0.853224
-0.830068
-0.960051
-0.938347
-0.767944
-0.866958
-0.656282
-0.838022
-0.884102
-0.924783
-0.745401
-0.810381
-0.978169
-0.903039
-0.822173
-0.884701
-0.799069
-0.908337
-0.859391
-0.750336
-0.781207
-0.825407
-0.698150
-0.679894
-0.705683
-0.900397
-0.664923
-0.639149
-0.701582
-0.497837
-0.787237
-0.534140
-0.409633
-0.398181
-0.285151
-0.357185
-0.520392
-0.287785
-0.338035
-0.250934
-0.227799
-0.402999
-0.117940
0.020858
-0.014489
-0.170156
0.075560
0.109126
-0.016530
0.073888
0.071746
0.036396
0.106662
0.204601
0.217941
0.083801
0.169454
0.059841
0.228950
0.102454
0.272981
0.299326
0.330819
0.100768
0.187628
0.200726
0.337935
0.108586
0.247342
0.087192
0.005619
0.078370
0.042736
0.287474
-0.146490
0.142592
0.078641
0.017224
-0.076407
-0.177949
0.101773
-0.176150
-0.167374
-0.218978
-0.479062
-0.437924
-0.510041
-0.403525
-0.423947
-0.552941
-0.703847
-0.545214
-0.589160
-0.715239
-0.741794
-0.901552
-0.907156
-1.208878
-0.830272
-1.102559
-1.057864
-1.147373
-1.304920
-1.384268
-1.385008
-1.462768
-1.398163
-1.438960
-1.407580
-1.756780
-1.486974
-1.762168
-1.844011
-1.520812
-1.683448
-1.621477
-1.757775
-1.828977
-1.706839
-1.810013
-1.875618
-1.904225
-2.108729
-1.796077
-1.893174
-1.889677
-2.105315
-2.230591
-1.913714
-1.990314
-1.989770
-2.034310
-1.845899
-1.936253
-2.015022
-1.867085
-1.605182
-1.719191
-1.789027
-1.693562
-1.855240
-1.617018
-1.652124
-1.614095
-1.709102
-1.506951
-1.412645
-1.384315
-1.371265
-1.364440
-1.272512
-0.915658
-1.169048
-0.999519
-0.947007
-0.921005
-0.884464
-0.818215
-0.869146
-0.581130
-0.814465
-0.571702
-0.306647
-0.559643
-0.471597
-0.402646
-0.293242
-0.205933
-0.177201
-0.113103
0.108644
0.129815
0.269132
0.216843
0.140398
0.244863
0.345410
0.314783
0.532747
0.390266
0.500540
0.406735
0.532064
0.451098
0.668869
0.654513
0.711698
0.690221
0.747196
0.848108
0.858161
0.687153
0.735329
0.869880
0.820401
0.922515
1.018375
0.887421
0.760779
0.862099
0.773263
1.081066
0.827887
0.984450
0.898493
0.806577
0.493293
0.660342
0.893610
0.579332
0.788270
0.651228
0.677055
0.577490
0.683764
0.479414
0.510715
0.522666
0.654266
0.563577
0.407573
0.473896
0.139086
0.091203
0.447155
0.183325
0.079869
0.346494
0.015669
0.188546
-0.024483
0.077627
-0.064105
-0.096244
-0.093248
-0.156753
-0.185741
-0.207771
-0.312903
-0.353985
-0.285230
-0.223038
-0.466647
-0.181519
-0.186926
-0.339331
-0.241611
-0.287902
-0.501457
-0.475141
-0.386700
-0.566641
-0.357926
-0.522692
-0.269510
-0.229383
-0.410810
-0.311458
-0.435414
-0.494254
-0.301489
-0.427887
-0.250386
-0.336825
-0.155658
-0.185053
-0.076187
-0.129710
-0.131150
-0.154783
-0.149517
-0.030879
0.025207
0.203927
-0.042436
0.251353
0.170640
0.211575
0.573209
0.469777
0.503677
0.459160
0.419825
0.540362
0.474620
0.666800
0.710365
0.670055
0.933158
0.858601
0.966194
0.965404
0.885020
1.052960
1.113671
1.203624
1.021549
1.002289
1.262272
1.327039
1.240794
1.400743
1.325264
1.588553
1.480924
1.417291
1.326915
1.557280
1.344542
1.410033
1.388795
1.393686
1.576573
1.666793
1.449252
1.496196
1.530132
1.467767
1.493511
1.531754
1.508918
1.678537
1.504239
1.432308
1.413477
1.538524
1.338882
1.221288
1.307116
1.162481
1.154291
1.156111
1.116451
0.937986
1.131983
1.037413
0.971539
0.882358
0.757297
0.887073
0.656501
0.879254
0.513010
0.415509
0.416559
0.415447
0.258687
0.136803
0.163878
0.135411
-0.101456
0.136750
-0.189204
-0.221385
-0.374441
-0.325585
-0.355906
-0.271228
-0.549117
-0.489677
-0.687779
-0.801870
-0.640611
-0.759687
-1.032136
-0.791792
-1.089696
-0.962163
-1.206717
-0.963366
-1.306492
-1.176521
-1.293546
-1.163948
-1.351396
-1.345786
-1.142943
-1.545113
-1.433115
-1.463805
-1.337829
-1.452642
-1.480042
-1.527942
-1.600999
-1.547065
-1.455655
-1.481527
-1.564670
-1.483285
-1.526116
-1.387048
-1.433055
-1.492261
-1.430393
-1.597610
-1.531468
-1.422863
-1.280386
-1.404767
-1.385157
-1.250732
-1.268020
-1.247596
-1.245638
-1.294125
-1.236586
-1.275073
-1.062630
-1.037619
-1.221495
-0.965832
-0.905799
-1.114484
-0.969363
-0.947921
-0.849693
-0.835319
-0.755191
-0.671200
-0.664161
-0.682884
-0.732734
-0.691876
-0.381172
-0.632973
-0.691436
-0.808521
-0.539762
-0.296262
-0.597891
-0.532871
-0.427882
-0.355702
-0.511306
-0.452301
-0.289399
-0.468738
-0.274587
-0.259597
-0.394125
-0.500194
-0.504637
-0.416410
-0.343104
-0.508935
-0.319672
-0.532409
-0.447278
-0.436488
-0.701843
-0.369310
-0.664607
-0.701405
-0.611164
-0.681097
-0.723415
-0.617823
-0.756715
-0.847566
-0.878469
-0.944365
-1.065981
-1.002784
-1.154277
-1.097286
-1.160015
-1.249925
-1.110149
-1.279935
-1.416817
-1.357646
-1.488079
-1.385936
-1.512125
-1.537649
-1.712612
-1.586131
-1.724698
-1.809038
-1.842494
-2.045606
-1.960529
-1.883677
-1.896189
-1.990016
-2.289046
-2.113737
-2.251071
-2.409359
-2.286357
-2.265869
-2.269684
-2.356565
-2.359210
-2.282814
-2.407177
-2.544424
-2.289961
-2.431654
-2.344585
-2.527508
-2.484813
-2.373770
-2.395521
-2.382931
-2.529309
-2.549742
-2.664120
-2.444095
-2.552965
-2.550586
-2.382561
-2.462950
-2.397971
-2.240437
-2.190424
-2.339098
-2.043487
-2.079180
-1.960469
-2.069532
-1.959747
-2.040377
-1.962268
-1.931000
-1.855286
-1.685480
-1.681218
-1.460303
-1.644330
-1.622547
-1.491009
-1.463477
-1.342286
-1.436273
-1.255086
-1.333157
-1.160004
-1.044779
-1.092873
-0.933248
-0.855608
-0.638262
-0.768473
-0.595714
-0.552654
-0.662092
-0.473127
-0.480879
-0.349476
-0.471947
-0.148171
-0.333347
-0.143720
-0.213207
-0.064850
-0.011201
-0.127839
0.001531
0.293403
0.018631
0.080274
0.116639
0.086677
0.262434
0.202575
0.375971
0.094393
0.426263
0.439929
0.264263
0.440895
0.401467
0.372855
0.318836
0.082932
0.199449
0.395315
0.307416
0.102148
0.211701
0.188915
0.151791
0.239598
0.321700
0.333341
0.259590
0.195707
0.113723
-0.083144
0.021800
0.152080
0.007054
0.077774
-0.263253
-0.126977
-0.285999
-0.020962
-0.202656
-0.225058
-0.175498
-0.148872
-0.388999
-0.528344
-0.344883
-0.568887
-0.523137
-0.659698
-0.614358
-0.720212
-0.805108
-0.574477
-0.628274
-0.802367
-0.586164
-0.840582
-0.830362
-0.911055
-0.866096
-0.799655
-0.999069
-0.726536
-0.845815
-1.079608
-0.953217
-0.945324
-0.990902
-1.061214
-0.906849
-0.924497
-0.854466
-0.923530
-0.830935
-0.939911
-0.909112
-0.944728
-0.850660
-0.740015
-0.809627
-0.778770
-0.585767
-0.557743
-0.632926
-0.586903
-0.513913
-0.629199
-0.459267
-0.474896
-0.240447
-0.414611
-0.337940
-0.473570
-0.479826
-0.328885
-0.194420
-0.207258
-0.042508
0.042214
0.083110
-0.172903
0.232155
0.169586
0.172863
0.245619
0.478821
0.022568
0.276357
0.407862
0.348309
0.434017
0.655815
0.624299
0.830094
0.771327
0.672540
0.781398
0.897651
0.856099
0.732378
1.111161
1.139367
0.884727
1.030931
0.814144
0.893868
1.029986
1.100952
0.959685
0.976399
0.997174
1.159621
0.868782
1.203561
1.139551
1.068218
0.831248
0.881314
0.972378
1.003998
1.127767
0.924451
0.745969
0.704456
0.676327
0.841968
0.691412
0.718101
0.699499
0.535039
0.774816
0.418397
0.622497
0.522456
0.440588
0.482514
0.203220
0.433106
0.340399
0.080387
-0.152418
-0.133999
0.041134
-0.475161
-0.260201
-0.417699
-0.390496
-0.205209
-0.529546
-0.794191
-0.609958
-0.645678
-0.873107
-0.946736
-0.840113
-0.904349
-1.021867
-1.158818
-0.869600
-1.265415
-1.297882
-1.251493
-1.427345
-1.763099
-1.278014
-1.676766
-1.555051
-1.496380
-1.592945
-1.610106
-1.548346
-1.865978
-1.692111
-1.792442
-1.957572
-1.902471
-1.902005
-1.764585
-2.034053
-1.911250
-1.872857
-1.955244
-1.854329
-2.018541
-1.764413
-1.938449
-2.030496
-2.039836
-1.945354
-1.961781
-1.930595
-1.718867
-1.956077
-1.525219
-1.745880
-1.987251
-1.898144
-1.908715
-1.802030
-1.807075
-1.719409
-1.514330
-1.621397
-1.668252
-1.622229
-1.520770
-1.497887
-1.508207
-1.520646
-1.439683
-1.265632
-1.081323
-1.434750
-1.230645
-1.223408
-1.136217
-1.178842
-0.942405
-1.150557
-0.904653
-0.951509
-0.796380
-0.986899
-0.898761
-0.792771
-0.785305
-0.919994
-0.806697
-0.884674
-1.014830
-0.938008
-0.971258
-0.654101
-0.901551
-0.674793
-0.616503
-0.740391
-0.640135
-0.740770
-0.865075
-0.843971
-0.967638
-1.046455
-0.682928
-0.875169
-0.838810
-1.022008
-1.113341
-0.912973
-0.946355
-1.094725
-1.139060
-1.197356
-1.169381
-1.162727
-1.312399
-1.355687
-1.411916
-1.364320
-1.352135
-1.419507
-1.417303
-1.600441
-1.614399
-1.586119
-1.648446
-1.464049
-1.805292
-1.709082
-1.869790
-1.547267
-1.869477
-2.017857
-2.055103
-2.102073
-2.127627
-2.132094
-2.029557
-2.166247
-2.349488
-2.476615
-2.344354
-2.352237
-2.502922
-2.482295
-2.508578
-2.684774
-2.599480
-2.529531
-2.666545
-2.661576
-2.774466
-2.821196
-2.879384
-2.925552
-2.661823
-2.936783
-3.083848
-2.868604
-2.697219
-2.705465
-2.645276
-3.063001
-2.977736
-2.747982
-2.644907
-2.722707
-2.708131
-2.872605
-2.936882
-2.757832
-2.920583
-2.623743
-2.600598
-2.376371
-2.505197
-2.505965
-2.387859
-2.403070
-2.534856
-2.552797
-2.219018
-2.146712
-2.138617
-2.183930
-1.986662
-1.909645
-1.980002
-1.830744
-1.847586
-1.662271
-1.677305
-1.602020
-1.505649
-1.454943
-1.473993
-1.203707
-1.232576
-1.220678
-1.119834
-1.064360
-1.112896
-1.023634
-1.025707
-0.764672
-0.989888
-0.754605
-0.921062
-0.850168
-0.558459
-0.599527
-0.516762
-0.397893
-0.321228
-0.240319
-0.261388
-0.303700
-0.122712
-0.070278
-0.296423
-0.179376
-0.069787
-0.097805
-0.000762
0.048836
-0.002883
0.020561
0.122199
-0.118874
-0.003050
0.202700
0.114494
0.156815
0.177763
0.161434
0.031073
-0.092993
0.300774
0.011370
0.044844
-0.246734
-0.083898
0.023016
0.153767
-0.094116
-0.206123
-0.147929
-0.114753
-0.356110
-0.023387
-0.210853
-0.351659
-0.427053
-0.309142
-0.378029
-0.349751
-0.508808
-0.355047
-0.530654
-0.390538
-0.327243
-0.554271
-0.862761
-0.679529
-0.686421
-0.697246
-0.790091
-0.876437
-1.073988
-0.926077
-1.010923
-0.962037
-1.115719
-0.998206
-0.989777
-1.148569
-1.107838
-1.133757
-1.137540
-1.108672
-1.280707
-0.980219
-1.328321
-1.097350
-1.087653
-1.080176
-1.007791
-1.181899
-1.218013
-1.179985
-1.026851
-1.116912
-0.814791
-1.049670
-0.981961
-1.142340
-0.880270
-1.002764
-0.813539
-1.199288
-0.902838
-0.962089
-1.019883
-0.937624
-0.654758
-0.632161
-0.697241
-0.699824
-0.542587
-0.561697
-0.335819
-0.511170
-0.245474
-0.313534
-0.289032
-0.219773
-0.223876
-0.157628
-0.133906
-0.203556
0.102373
0.044583
0.205287
0.169484
0.233597
0.328878
0.303919
0.347828
0.290696
0.450271
0.518473
0.453406
0.529144
0.724580
0.567396
0.599517
0.700948
0.679367
0.604988
0.806200
0.751485
0.842484
0.750928
1.021076
0.729900
0.906808
0.924438
0.749010
0.801691
0.973139
0.826414
0.838576
0.905450
0.842313
0.784550
0.737666
0.984601
0.780042
0.838459
0.599673
0.451449
0.474057
0.819416
0.549608
0.558170
0.319181
0.319889
0.548898
0.378726
0.285699
0.272787
0.264282
0.088290
-0.082443
0.021799
-0.090035
-0.047947
-0.240291
-0.205807
-0.177980
-0.285973
-0.537320
-0.460815
-0.616870
-0.619939
-0.738613
-0.863563
-0.744739
-0.730382
-0.696359
-0.855021
-1.082195
-0.999812
-1.119604
-1.312187
-1.254981
-1.590341
-1.340094
-1.410483
-1.341375
-1.528299
-1.460258
-1.489495
-1.645359
-1.738516
-1.720298
-1.897599
-1.853736
-1.820730
-1.810365
-1.783663
-2.199212
-1.807131
-2.014915
-2.004433
-1.837937
-1.952242
-1.893311
-2.000393
-1.931743
-1.956272
-2.066380
-2.097999
-1.944084
-1.910488
-1.946840
-2.028923
-1.799935
-1.996475
-1.931671
-2.014560
-1.987302
-1.889240
-1.925508
-1.826935
-1.777565
-1.648369
-1.580969
-1.631409
-1.541850
-1.757460
-1.658060
-1.612200
-1.569939
-1.424206
-1.478665
-1.510050
-1.641714
-1.423177
-1.237171
-1.315009
-1.217065
-1.273049
-1.380504
-1.371958
-1.010219
-1.213344
-1.138164
-0.902779
-0.973981
-0.939003
-0.992131
-0.874978
-0.919610
-0.887495
-1.140869
-0.797582
-0.717275
-0.835328
-0.854622
-0.802936
-0.903303
-0.777872
-0.901551
-0.825126
-0.898129
-0.903595
-0.855481
-0.877405
-0.720097
-0.807087
-0.820589
-1.005483
-1.079547
-1.055210
-0.821473
-1.030233
-1.101783
-1.092982
-1.231563
-1.111051
-1.281607
-1.109069
-1.239686
-1.225112
-1.313013
-1.350203
-1.241364
-1.332452
-1.523490
-1.321445
-1.600059
-1.664696
-1.673290
-1.727679
-1.963867
-1.885137
-1.830459
-1.790235
-1.947119
-2.059133
-2.244674
-2.321801
-2.215756
-2.226471
-2.386005
-2.238394
-2.340540
-2.482633
-2.469452
-2.650248
-2.314184
-2.490188
-2.676506
-2.619823
-2.660255
-2.758604
-2.644428
-2.731787
-2.788911
-2.690976
-2.876394
-2.871112
-2.829901
-2.720896
-2.816504
-2.855268
-2.795139
-2.871737
-2.674988
-2.975179
-2.737728
-2.786892
-2.835089
-2.824856
-2.825144
-2.644640
-2.446250
-2.608444
-2.649032
-2.645368
-2.602344
-2.396141
-2.433195
-2.401477
-2.280375
-2.313142
-2.199088
-2.116058
-2.265019
-1.952589
-2.143253
-2.005086
-1.710872
-2.062297
-1.827215
-1.708123
-1.463733
-1.529529
-1.494937
-1.490338
-1.289595
-1.416084
-1.154872
-1.125100
-1.274179
-1.115681
-0.924923
-1.030944
-0.995160
-0.797973
-0.629085
-0.717754
-0.660750
-0.425521
-0.603527
-0.416288
-0.319258
-0.438652
-0.430231
-0.208091
-0.000500
-0.139303
0.040232
-0.079397
-0.192918
-0.236294
-0.052791
0.015752
0.103611
0.112954
-0.184477
0.056220
0.189156
0.184836
0.086585
0.151414
0.167831
0.206338
0.346487
0.289916
0.144058
0.174330
0.174062
0.302159
0.137125
0.289774
-0.103744
0.026611
-0.001299
-0.093823
-0.134203
0.084909
0.001526
0.110628
-0.092523
-0.130163
-0.110405
-0.330899
-0.371847
-0.147399
-0.174514
-0.446166
-0.404135
-0.238924
-0.468320
-0.573456
-0.590800
-0.491665
-0.539716
-0.557685
-0.651966
-0.670718
-0.429383
-0.628254
-0.750233
-0.910372
-0.612345
-0.776159
-1.034980
-0.873495
-0.936231
-0.927646
-0.955714
-0.758915
-0.995926
-0.979879
-1.064373
-1.020776
-0.987654
-0.971756
-0.829591
-0.971765
-1.065989
-0.939731
-0.832127
-1.073201
-1.027958
-0.942946
-0.902067
-1.073928
-0.863131
-0.946428
-0.820485
-0.936289
-0.825936
-0.626162
-0.795213
-0.826110
-0.523751
-0.507096
-0.688496
-0.476068
-0.597639
-0.504966
-0.603755
-0.345438
-0.298547
-0.323140
-0.187565
-0.017560
-0.134512
0.001819
-0.157132
0.262792
0.156194
0.252785
0.338970
0.355042
0.351593
0.301046
0.273460
0.559954
0.557844
0.486847
0.598541
0.675543
0.793173
0.685714
0.673675
0.676745
0.890239
0.844950
0.973602
0.962491
1.028113
0.975756
0.902397
0.984810
1.161076
0.897775
1.045774
1.110989
0.998453
1.220016
1.061187
1.139515
0.988499
1.071552
1.172556
1.088204
1.011715
1.020690
0.971338
1.012110
0.991851
1.123771
0.899674
0.893013
0.816572
0.878369
0.805923
0.652435
0.917535
0.637341
0.503703
0.367080
0.521279
0.434442
0.474982
0.560118
0.119773
0.200899
0.211856
0.019214
0.100832
-0.116127
-0.102878
-0.024181
-0.222622
-0.053425
-0.437093
-0.471380
-0.525221
-0.595357
-0.442441
-0.583538
-0.649250
-0.575010
-0.744378
-0.913455
-1.273534
-1.020825
-1.106589
-0.996726
-1.253118
-1.165078
-1.180326
-1.278142
-1.505480
-1.426765
-1.517399
-1.410628
-1.705643
-1.522057
-1.539193
-1.622377
-1.647265
-1.828129
-1.656250
-1.819909
-1.558606
-1.683949
-1.715185
-1.907092
-1.698806
-1.770005
-1.886748
-1.748969
-1.787773
-1.775267
-1.679147
-1.673099
-1.735235
-1.641484
-1.769062
-1.774986
-1.792101
-1.698899
-1.684126
-1.522515
-1.637260
-1.595450
-1.522852
-1.528543
-1.464514
-1.242243
-1.431434
-1.299819
-1.431715
-1.395011
-1.156873
-1.359864
-1.011739
-1.045343
-1.170382
-1.062384
-1.066245
-0.928008
-0.738313
-1.045816
-0.831129
-0.664443
-0.690967
-0.929709
-0.716939
-0.626139
-0.782341
-0.574287
-0.521145
-0.565998
-0.485690
-0.425508
-0.460023
-0.403858
-0.551109
-0.385687
-0.648812
-0.472682
-0.420712
-0.246759
-0.416252
-0.422665
-0.397812
-0.545550
-0.489601
-0.291729
-0.694856
-0.369693
-0.554577
-0.577107
-0.471911
-0.587814
-0.687628
-0.576027
-0.731894
-0.503324
-0.788652
-0.814067
-0.922820
-0.810414
-0.751454
-0.832994
-1.143114
-1.226409
-1.024645
-1.315221
-1.215503
-1.420646
-1.175253
-1.217200
-1.337392
-1.504550
-1.487859
-1.380819
-1.622594
-1.477582
-1.621635
-1.600645
-2.099546
-1.764049
-1.779400
-1.946390
-1.748447
-1.974787
-2.026196
