2.000000
2.050340
2.100266
2.149648
2.198360
2.246274
2.293266
2.339212
2.383990
2.427483
2.469572
2.510146
2.549093
2.586307
2.621685
2.655128
2.686541
2.715835
2.742923
2.767726
2.790169
2.810181
2.827700
2.842666
2.855027
2.864736
2.871754
2.876047
2.877586
2.876351
2.872327
2.865506
2.855886
2.843473
2.828277
2.810317
2.789618
2.766211
2.740133
2.711427
2.680144
2.646340
2.610076
2.571421
2.530447
2.487233
2.441862
2.394425
2.345014
2.293728
2.240670
2.185946
2.129666
2.071946
2.012901
1.952653
1.891324
1.829040
1.765928
1.702117
1.637738
1.572922
1.507801
1.442509
1.377179
1.311942
1.246932
1.182278
1.118113
1.054563
0.991757
0.929817
0.868867
0.809025
0.750408
0.693129
0.637297
0.583018
0.530392
0.479516
0.430483
0.383381
0.338290
0.295289
0.254448
0.215835
0.179508
0.145522
0.113925
0.084760
0.058061
0.033858
0.012175
-0.006973
-0.023575
-0.037628
-0.049134
-0.058105
-0.064554
-0.068505
