2.000000
2.049889
2.099371
2.148322
2.196617
2.244134
2.290751
2.336347
2.380805
2.424007
2.465841
2.506196
2.544964
2.582042
2.617328
2.650725
2.682142
2.711489
2.738683
2.763646
2.786303
2.806585
2.824429
2.839777
2.852577
2.862783
2.870354
2.875255
2.877459
2.876942
2.873690
2.867693
2.858946
2.847454
2.833226
2.816277
2.796630
2.774312
2.749358
2.721809
2.691711
2.659116
2.624083
2.586675
2.546961
2.505017
2.460920
2.414758
2.366617
2.316593
2.264783
2.211289
2.156218
2.099679
2.041784
1.982649
1.922392
1.861136
1.799001
1.736114
1.672600
1.608588
1.544205
1.479580
1.414844
1.350125
1.285552
1.221253
1.157357
1.093988
1.031271
0.969330
0.908283
0.848250
0.789344
0.731679
0.675363
0.620501
0.567195
0.515541
0.465633
0.417559
0.371403
0.327243
0.285153
0.245202
0.207451
0.171959
0.138777
0.107950
0.079518
0.053515
0.029968
0.008897
-0.009681
-0.025758
-0.039331
-0.050405
-0.058990
-0.065101
-0.068761
-0.069999
-0.068849
-0.065351
-0.059553
-0.051505
-0.041265
-0.028897
-0.014467
0.001950
0.020277
0.040431
0.062325
0.085868
0.110966
0.137518
0.165423
0.194575
0.224865
0.256184
0.288417
0.321448
0.355162
0.389439
0.424159
0.459202
0.494446
0.529772
0.565056
0.600178
0.635019
0.669460
0.703382
0.736669
0.769208
0.800887
0.831596
0.861229
0.889683
0.916857
0.942655
0.966984
0.989757
1.010888
1.030298
1.047913
1.063662
1.077481
1.089310
1.099095
1.106788
1.112345
1.115731
1.116915
1.115870
1.112580
1.107030
1.099214
1.089133
1.076791
1.062202
1.045383
1.026358
1.005159
0.981821
0.956388
0.928907
0.899432
0.868023
0.834744
0.799666
0.762864
0.724417
0.684412
0.642937
0.600085
0.555955
0.510648
0.464268
0.416925
0.368729
0.319795
0.270239
0.220179
0.169736
0.119033
0.068192
0.017338
-0.033404
-0.083909
-0.134051
-0.183706
-0.232749
-0.281057
-0.328506
-0.374978
-0.420352
-0.464512
-0.507343
-0.548735
-0.588578
-0.626767
-0.663200
-0.697780
-0.730413
-0.761008
-0.789480
-0.815750
-0.839742
-0.861385
-0.880615
-0.897371
-0.911600
-0.923253
-0.932289
-0.938671
-0.942368
-0.943357
-0.941619
-0.937144
-0.929926
-0.919966
-0.907272
-0.891856
-0.873741
-0.852950
-0.829518
-0.803483
-0.774890
-0.743788
-0.710235
-0.674292
-0.636027
-0.595513
-0.552828
-0.508055
-0.461282
-0.412602
-0.362110
-0.309908
-0.256101
-0.200797
-0.144108
-0.086149
-0.027037
0.033107
0.094162
0.156003
0.218504
0.281538
0.344976
0.408690
0.472551
0.536428
0.600194
0.663719
0.726876
0.789539
0.851582
0.912882
0.973319
1.032773
1.091128
1.148272
1.204095
1.258491
1.311356
1.362593
1.412106
1.459808
1.505611
1.549436
1.591208
1.630857
1.668318
1.703533
1.736447
1.767015
1.795194
1.820948
1.844249
1.865074
1.883405
1.899232
1.912551
1.923362
1.931675
1.937504
1.940870
1.941798
1.940322
1.936480
1.930318
1.921884
1.911235
1.898432
1.883541
1.866635
1.847789
1.827085
1.804609
1.780450
1.754702
1.727463
1.698835
1.668921
1.637831
1.605672
1.572560
1.538607
1.503932
1.468651
1.432886
1.396755
1.360380
1.323882
1.287383
1.251004
1.214864
1.179083
1.143779
1.109070
1.075068
1.041888
1.009640
0.978429
0.948362
0.919539
0.892058
0.866012
0.841491
0.818581
0.797363
0.777913
0.760303
0.744599
0.730861
0.719147
0.709505
0.701981
0.696613
0.693434
0.692470
0.693743
0.697266
0.703049
0.711093
0.721395
0.733944
0.748724
0.765712
0.784880
0.806194
0.829611
0.855087
0.882569
0.911999
0.943315
0.976446
1.011321
1.047859
1.085978
1.125590
1.166603
1.208919
1.252440
1.297060
1.342672
1.389167
1.436431
1.484347
1.532799
1.581666
1.630827
1.680158
1.729535
1.778834
1.827929
1.876696
1.925008
1.972742
2.019773
2.065979
2.111239
2.155432
2.198443
2.240155
2.280456
2.319236
2.356390
2.391815
2.425410
2.457082
2.486738
2.514293
2.539664
2.562776
2.583554
2.601934
2.617853
2.631256
2.642093
2.650320
2.655899
2.658797
2.658989
2.656454
2.651180
2.643159
2.632390
2.618879
2.602637
2.583684
2.562043
2.537744
2.510825
2.481329
2.449303
2.414804
2.377890
2.338629
2.297090
2.253352
2.207494
2.159605
2.109774
2.058098
2.004675
1.949610
1.893009
1.834985
1.775649
1.715120
1.653517
1.590960
1.527575
1.463487
1.398821
1.333707
1.268273
1.202649
1.136962
1.071344
1.005922
0.940824
0.876178
0.812109
0.748740
0.686193
0.624589
0.564042
0.504668
0.446578
0.389878
0.334673
0.281062
0.229141
0.179000
0.130728
0.084405
0.040108
-0.002091
-0.042126
-0.079937
-0.115467
-0.148669
-0.179499
-0.207920
-0.233900
-0.257414
-0.278443
-0.296976
-0.313005
-0.326531
-0.337559
-0.346103
-0.352180
-0.355816
-0.357041
-0.355893
-0.352414
-0.346652
-0.338661
-0.328502
-0.316238
-0.301940
-0.285684
-0.267548
-0.247617
-0.225980
-0.202729
-0.177961
-0.151777
-0.124279
-0.095575
-0.065774
-0.034988
-0.003331
0.029081
0.062130
0.095697
0.129662
0.163903
0.198301
0.232733
0.267078
0.301216
0.335027
0.368393
0.401196
0.433322
0.464656
0.495089
0.524512
0.552819
0.579908
0.605681
0.630043
0.652902
0.674172
0.693771
0.711620
0.727647
0.741784
0.753968
0.764141
0.772252
0.778254
0.782108
0.783778
0.783236
0.780459
0.775431
0.768141
0.758586
0.746768
0.732694
0.716380
0.697846
0.677118
0.654230
0.629220
0.602133
0.573020
0.541936
0.508943
0.474108
0.437503
0.399205
0.359297
0.317864
0.274998
0.230793
0.185350
0.138771
0.091162
0.042633
-0.006704
-0.056734
-0.107339
-0.158401
-0.209797
-0.261406
-0.313104
-0.364765
-0.416265
-0.467478
-0.518280
-0.568545
-0.618149
-0.666969
-0.714884
-0.761773
-0.807519
-0.852005
-0.895119
-0.936749
-0.976788
-1.015133
-1.051683
-1.086341
-1.119016
-1.149619
-1.178067
-1.204282
-1.228189
-1.249721
-1.268815
-1.285412
-1.299463
-1.310919
-1.319742
-1.325898
-1.329358
-1.330101
-1.328112
-1.323380
-1.315905
-1.305688
-1.292741
-1.277079
-1.258724
-1.237706
-1.214059
-1.187825
-1.159050
-1.127786
-1.094093
-1.058035
-1.019682
-0.979107
-0.936392
-0.891621
-0.844885
-0.796276
-0.745893
-0.693840
-0.640221
-0.585147
-0.528731
-0.471088
-0.412338
-0.352601
-0.292000
-0.230661
-0.168709
-0.106273
-0.043480
0.019539
0.082656
0.145742
0.208667
0.271303
0.333524
0.395203
0.456215
0.516439
0.575754
0.634043
0.691191
0.747085
0.801618
0.854685
0.906185
0.956020
1.004098
1.050331
1.094636
1.136935
1.177154
1.215225
1.251086
1.284681
1.315959
1.344873
1.371386
1.395463
1.417079
1.436212
1.452848
1.466979
1.478602
1.487722
1.494350
1.498501
1.500200
1.499476
1.496362
1.490900
1.483137
1.473125
1.460923
1.446592
1.430203
1.411827
1.391544
1.369437
1.345593
1.320103
1.293063
1.264572
1.234733
1.203651
1.171435
1.138196
1.104048
1.069107
1.033489
0.997313
0.960700
0.923769
0.886643
0.849442
0.812287
0.775300
0.738599
0.702305
0.666535
0.631404
0.597027
0.563515
0.530978
0.499521
0.469247
0.440258
0.412647
0.386509
0.361931
0.338997
0.317786
0.298372
0.280826
0.265211
0.251586
0.240006
0.230518
0.223164
0.217981
0.214999
0.214243
0.215731
0.219475
0.225481
0.233749
0.244273
0.257040
0.272031
0.289222
0.308581
0.330071
0.353650
0.379270
0.406874
0.436405
0.467797
0.500978
0.535873
0.572403
0.610481
0.650018
0.690921
0.733090
0.776425
0.820820
0.866167
0.912354
0.959266
1.006788
1.054801
1.103183
1.151812
1.200566
1.249320
1.297948
1.346326
1.394327
1.441828
1.488704
1.534831
1.580088
1.624353
1.667507
1.709436
1.750023
1.789159
1.826734
1.862644
1.896786
1.929064
1.959384
1.987657
2.013797
2.037725
2.059365
2.078648
2.095509
2.109889
2.121734
2.130997
2.137636
2.141615
2.142904
2.141480
2.137325
2.130428
2.120784
2.108396
2.093271
2.075423
2.054873
2.031648
2.005781
1.977310
1.946282
1.912746
1.876760
1.838387
1.797694
1.754754
1.709647
1.662455
1.613267
1.562175
1.509277
1.454674
1.398471
1.340777
1.281703
1.221365
1.159880
1.097370
1.033955
0.969761
0.904914
0.839541
0.773771
0.707732
0.641553
0.575364
0.509295
0.443472
0.378025
0.313080
0.248760
0.185190
0.122490
0.060778
0.000171
-0.059219
-0.117282
-0.173912
-0.229008
-0.282470
-0.334205
-0.384124
-0.432141
-0.478178
-0.522158
-0.564013
-0.603678
-0.641095
-0.676211
-0.708980
-0.739360
-0.767316
-0.792819
-0.815848
-0.836384
-0.854419
-0.869948
-0.882974
-0.893505
-0.901556
-0.907149
-0.910309
-0.911071
-0.909474
-0.905561
-0.899385
-0.891001
-0.880471
-0.867862
-0.853246
-0.836699
-0.818304
-0.798145
-0.776315
-0.752905
-0.728016
-0.701748
-0.674206
-0.645497
-0.615734
-0.585027
-0.553492
-0.521246
-0.488408
-0.455096
-0.421432
-0.387536
-0.353529
-0.319533
-0.285668
-0.252056
-0.218814
-0.186062
-0.153915
-0.122489
-0.091895
-0.062244
-0.033642
-0.006193
0.020000
0.044842
0.068239
0.090100
0.110342
0.128883
0.145648
0.160565
0.173569
0.184598
0.193598
0.200519
0.205317
0.207953
0.208395
0.206618
0.202600
0.196328
0.187794
0.176996
0.163939
0.148633
0.131095
0.111348
0.089422
0.065351
0.039176
0.010945
-0.019290
-0.051471
-0.085534
-0.121411
-0.159026
-0.198302
-0.239154
-0.281494
-0.325230
-0.370264
-0.416496
-0.463822
-0.512134
-0.561321
-0.611271
-0.661868
-0.712992
-0.764524
-0.816342
-0.868323
-0.920343
-0.972278
-1.024000
-1.075387
-1.126311
-1.176650
-1.226278
-1.275074
-1.322916
-1.369685
-1.415264
-1.459538
-1.502394
-1.543723
-1.583420
-1.621381
-1.657508
-1.691706
-1.723884
-1.753956
-1.781840
-1.807460
-1.830745
-1.851627
-1.870047
-1.885948
-1.899282
-1.910004
-1.918077
-1.923470
-1.926156
-1.926117
-1.923340
-1.917817
-1.909549
-1.898542
-1.884807
-1.868364
-1.849237
-1.827458
-1.803063
-1.776097
-1.746607
-1.714650
-1.680286
-1.643581
-1.604607
-1.563441
-1.520165
-1.474866
-1.427634
-1.378567
-1.327763
-1.275327
-1.221366
-1.165992
-1.109317
-1.051461
-0.992541
-0.932680
