2.000000
2.049844
2.099282
2.148190
2.196445
2.243923
2.290502
2.336063
2.380489
2.423662
2.465471
2.505804
2.544555
2.581618
2.616895
2.650287
2.681704
2.711056
2.738260
2.763238
2.785915
2.806224
2.824099
2.839485
2.852328
2.862582
2.870207
2.875168
2.877437
2.876991
2.873814
2.867897
2.859237
2.847835
2.833702
2.816853
2.797309
2.775098
2.750255
2.722820
2.692838
2.660363
2.625451
2.588166
2.548577
2.506758
2.462788
2.416751
2.368737
2.318837
2.267151
2.213780
2.158829
2.102407
2.044627
1.985604
1.925455
1.864301
1.802265
1.739470
1.676044
1.612113
1.547805
1.483249
1.418574
1.353908
1.289381
1.225121
1.161254
1.097906
1.035201
0.973263
0.912210
0.852161
0.793230
0.735531
0.679170
0.624255
0.570885
0.519157
0.469167
0.421000
0.374742
0.330471
0.288262
0.248181
0.210294
0.174656
0.141320
0.110332
0.081732
0.055553
0.031824
0.010566
-0.008206
-0.024481
-0.038257
-0.049538
-0.058332
-0.064656
-0.068531
-0.069986
-0.069053
-0.065773
-0.060192
-0.052360
-0.042335
-0.030179
-0.015959
0.000253
0.018379
0.038337
0.060042
0.083401
0.108322
0.134705
0.162449
0.191449
0.221597
0.252784
0.284895
0.317816
0.351430
0.385620
0.420266
0.455247
0.490443
0.525733
0.560997
0.596112
0.630961
0.665423
0.699382
0.732721
0.765327
0.797087
0.827893
0.857637
0.886216
0.913530
0.939483
0.963981
0.986936
1.008263
1.027882
1.045718
1.061701
1.075765
1.087851
1.097903
1.105873
1.111717
1.115398
1.116884
1.116149
1.113174
1.107946
1.100456
1.090704
1.078696
1.064441
1.047957
1.029268
1.008404
0.985399
0.960296
0.933141
0.903988
0.872894
0.839924
0.805147
0.768637
0.730474
0.690740
0.649526
0.606922
0.563027
0.517941
0.471767
0.424614
0.376591
0.327813
0.278394
0.228454
0.178111
0.127488
0.076708
0.025893
-0.024831
-0.075339
-0.125507
-0.175210
-0.224323
-0.272723
-0.320288
-0.366897
-0.412432
-0.456775
-0.499812
-0.541432
-0.581524
-0.619985
-0.656711
-0.691605
-0.724571
-0.755520
-0.784365
-0.811026
-0.835427
-0.857496
-0.877168
-0.894381
-0.909082
-0.921221
-0.930754
-0.937644
-0.941860
-0.943377
-0.942176
-0.938243
-0.931573
-0.922166
-0.910026
-0.895168
-0.877609
-0.857375
-0.834497
-0.809012
-0.780964
-0.750401
-0.717379
-0.681959
-0.644206
-0.604192
-0.561995
-0.517696
-0.471381
-0.423141
-0.373074
-0.321277
-0.267855
-0.212916
-0.156569
-0.098929
-0.040112
0.019762
0.080571
0.142193
0.204502
0.267371
0.330672
0.394278
0.458060
0.521887
0.585632
0.649167
0.712363
0.775094
0.837236
0.898664
0.959259
1.018900
1.077472
1.134860
1.190956
1.245651
1.298843
1.350433
1.400325
1.448429
1.494659
1.538933
1.581175
1.621315
1.659286
1.695029
1.728488
1.759616
1.788369
1.814710
1.838610
1.860042
1.878989
1.895439
1.909385
1.920827
1.929774
1.936236
1.940233
1.941789
1.940937
1.937713
1.932160
1.924326
1.914265
1.902038
1.887709
1.871348
1.853030
1.832835
1.810848
1.787156
1.761852
1.735034
1.706800
1.677255
1.646505
1.614659
1.581829
1.548128
1.513673
1.478582
1.442972
1.406964
1.370678
1.334236
1.297758
1.261365
1.225176
1.189313
1.153892
1.119030
1.084843
1.051444
1.018942
0.987446
0.957060
0.927887
0.900026
0.873570
0.848610
0.825233
0.803522
0.783553
0.765400
0.749129
0.734805
0.722483
0.712216
0.704050
0.698025
0.694175
0.692529
0.693110
0.695934
0.701011
0.708346
0.717935
0.729772
0.743842
0.760124
0.778591
0.799211
0.821945
0.846750
0.873573
0.902361
0.933051
0.965576
0.999866
1.035842
1.073424
1.112525
1.153055
1.194918
1.238015
1.282245
1.327502
1.373676
1.420655
1.468324
1.516567
1.565265
1.614297
1.663540
1.712871
1.762166
1.811300
1.860149
1.908586
1.956488
2.003731
2.050193
2.095751
2.140285
2.183679
2.225817
2.266585
2.305872
2.343573
2.379583
2.413801
2.446132
2.476483
2.504767
2.530899
2.554802
2.576401
2.595629
2.612423
2.626724
2.638481
2.647647
2.654184
2.658055
2.659234
2.657697
2.653430
2.646424
2.636674
2.624184
2.608963
2.591028
2.570400
2.547107
2.521184
2.492672
2.461617
2.428070
2.392091
2.353743
2.313094
2.270219
2.225198
2.178116
2.129060
2.078124
2.025407
1.971011
1.915040
1.857604
1.798816
1.738790
1.677646
1.615503
1.552484
1.488713
1.424317
1.359423
1.294159
1.228653
1.163035
1.097433
1.031976
0.966793
0.902009
0.837752
0.774144
0.711308
0.649365
0.588431
0.528622
0.470050
0.412822
0.357045
0.302819
0.250241
0.199404
0.150396
0.103301
0.058198
0.015160
-0.025745
-0.064453
-0.100909
-0.135059
-0.166859
-0.196269
-0.223255
-0.247790
-0.269851
-0.289425
-0.306501
-0.321078
-0.333159
-0.342753
-0.349877
-0.354552
-0.356807
-0.356677
-0.354200
-0.349423
-0.342398
-0.333181
-0.321835
-0.308427
-0.293031
-0.275724
-0.256587
-0.235708
-0.213176
-0.189088
-0.163541
-0.136636
-0.108480
-0.079180
-0.048847
-0.017592
0.014467
0.047215
0.080534
0.114304
0.148405
0.182716
0.217116
0.251485
0.285701
0.319646
0.353199
0.386245
0.418666
0.450350
0.481183
0.511058
0.539868
0.567509
0.593881
0.618888
0.642437
0.664439
0.684811
0.703473
0.720349
0.735369
0.748468
0.759588
0.768672
0.775673
0.780547
0.783257
0.783772
0.782066
0.778120
0.771921
0.763462
0.752741
0.739765
0.724544
0.707096
0.687446
0.665622
0.641661
0.615604
0.587499
0.557399
0.525362
0.491453
0.455742
0.418302
0.379213
0.338560
0.296430
0.252917
0.208118
0.162133
0.115067
0.067028
0.018125
-0.031527
-0.081813
-0.132614
-0.183811
-0.235281
-0.286903
-0.338551
-0.390102
-0.441431
-0.492412
-0.542921
-0.592834
-0.642027
-0.690379
-0.737768
-0.784076
-0.829186
-0.872983
-0.915357
-0.956199
-0.995402
-1.032865
-1.068489
-1.102182
-1.133851
-1.163413
-1.190785
-1.215892
-1.238664
-1.259034
-1.276942
-1.292334
-1.305161
-1.315379
-1.322952
-1.327848
-1.330043
-1.329518
-1.326260
-1.320263
-1.311528
-1.300060
-1.285873
-1.268986
-1.249424
-1.227218
-1.202406
-1.175031
-1.145144
-1.112799
-1.078057
-1.040985
-1.001655
-0.960144
-0.916533
-0.870910
-0.823365
-0.773996
-0.722901
-0.670185
-0.615955
-0.560322
-0.503401
-0.445306
-0.386160
-0.326082
-0.265196
-0.203628
-0.141505
-0.078954
-0.016103
0.046918
0.109980
0.172956
0.235715
0.298132
0.360079
0.421432
0.482067
0.541863
0.600702
0.658468
0.715046
0.770327
0.824205
0.876576
0.927340
0.976405
1.023678
1.069074
1.112512
1.153916
1.193215
1.230345
1.265244
1.297859
1.328141
1.356047
1.381542
1.404595
1.425181
1.443282
1.458886
1.471988
1.482588
1.490694
1.496317
1.499477
1.500199
1.498516
1.494463
1.488085
1.479429
1.468551
1.455511
1.440373
1.423208
1.404090
1.383101
1.360324
1.335849
1.309768
1.282177
1.253177
1.222872
1.191368
1.158775
1.125204
1.090769
1.055587
1.019775
0.983451
0.946736
0.909751
0.872615
0.835451
0.798378
0.761518
0.724988
0.688909
0.653395
0.618562
0.584523
0.551389
0.519266
0.488260
0.458473
0.430003
0.402944
0.377387
0.353418
0.331119
0.310567
0.291836
0.274992
0.260098
0.247211
0.236382
0.227657
0.221076
0.216673
0.214477
0.214510
0.216788
0.221320
0.228112
0.237160
0.248455
0.261984
0.277725
0.295652
0.315731
0.337924
0.362186
0.388466
0.416709
0.446852
0.478829
0.512569
0.547992
0.585019
0.623562
0.663530
0.704829
0.747359
0.791018
0.835700
0.881295
0.927692
0.974775
1.022427
1.070530
1.118963
1.167603
1.216326
1.265009
1.313527
1.361754
1.409566
1.456838
1.503447
1.549270
1.594185
1.638073
1.680816
1.722299
1.762408
1.801033
1.838068
1.873409
1.906955
1.938611
1.968284
1.995887
2.021336
2.044554
2.065466
2.084006
2.100109
2.113719
2.124784
2.133258
2.139101
2.142280
2.142766
2.140538
2.135580
2.127883
2.117444
2.104267
2.088362
2.069744
2.048436
2.024467
1.997871
1.968688
1.936966
1.902758
1.866120
1.827118
1.785821
1.742302
1.696643
1.648927
1.599244
1.547687
1.494355
1.439350
1.382776
1.324745
1.265368
1.204760
1.143041
1.080330
1.016750
0.952426
0.887485
0.822052
0.756257
0.690227
0.624093
0.557983
0.492025
0.426348
0.361078
0.296341
0.232262
0.168961
0.106560
0.045176
-0.015077
-0.074086
-0.131744
-0.187946
-0.242591
-0.295581
-0.346825
-0.396233
-0.443724
-0.489218
-0.532642
-0.573928
-0.613014
-0.649843
-0.684363
-0.716528
-0.746301
-0.773646
-0.798538
-0.820954
-0.840880
-0.858307
-0.873233
-0.885662
-0.895603
-0.903073
-0.908095
-0.910696
-0.910912
-0.908781
-0.904352
-0.897675
-0.888808
-0.877813
-0.864758
-0.849717
-0.832766
-0.813989
-0.793472
-0.771305
-0.747584
-0.722408
-0.695878
-0.668099
-0.639180
-0.609231
-0.578365
-0.546698
-0.514346
-0.481427
-0.448061
-0.414369
-0.380470
-0.346486
-0.312538
-0.278746
-0.245230
-0.212108
-0.179499
-0.147518
-0.116278
-0.085891
-0.056467
-0.028111
-0.000928
0.024984
0.049528
0.072612
0.094146
0.114048
0.132237
0.148639
0.163184
0.175807
0.186448
0.195054
0.201575
0.205970
0.208200
0.208236
0.206051
0.201628
0.194952
0.186017
0.174823
0.161375
0.145685
0.127771
0.107657
0.085372
0.060954
0.034443
0.005888
-0.024657
-0.057135
-0.091480
-0.127622
-0.165488
-0.204997
-0.246066
-0.288605
-0.332521
-0.377717
-0.424092
-0.471542
-0.519958
-0.569231
-0.619247
-0.669888
-0.721039
-0.772577
-0.824382
-0.876331
-0.928299
-0.980162
-1.031796
-1.083074
-1.133873
-1.184068
-1.233537
-1.282156
-1.329805
-1.376367
-1.421723
-1.465761
-1.508367
-1.549435
-1.588857
-1.626534
-1.662366
-1.696259
-1.728124
-1.757876
-1.785433
-1.810720
-1.833666
-1.854207
-1.872281
-1.887835
-1.900820
-1.911192
-1.918917
-1.923961
-1.926302
-1.925920
-1.922803
-1.916946
-1.908349
-1.897018
-1.882967
-1.866215
-1.846788
-1.824717
-1.800040
-1.772801
-1.743050
-1.710842
-1.676240
-1.639308
-1.600120
-1.558753
-1.515288
-1.469814
-1.422421
-1.373206
-1.322269
-1.269714
-1.215649
-1.160184
-1.103433
-1.045515
-0.986547
-0.926652
-0.865954
-0.804578
-0.742651
-0.680300
-0.617654
-0.554842
-0.491993
-0.429235
-0.366697
-0.304507
-0.242790
-0.181671
-0.121274
-0.061720
-0.003127
0.054389
0.110714
0.165739
0.219356
0.271464
0.321964
0.370760
0.417762
0.462885
0.506049
0.547176
0.586198
0.623048
0.657667
0.690001
0.720001
0.747627
0.772840
0.795612
0.815918
0.833740
0.849067
0.861892
0.872218
0.880051
0.885404
0.888297
0.888756
0.886811
0.882502
0.875870
0.866965
0.855843
0.842562
0.827189
0.809793
0.790451
0.769243
0.746252
0.721569
0.695286
0.667501
0.638312
0.607825
0.576145
0.543383
0.509651
0.475062
0.439732
0.403779
0.367323
0.330483
0.293379
0.256132
0.218864
0.181695
0.144746
0.108135
0.071981
0.036399
0.001506
-0.032586
-0.065768
-0.097930
-0.128969
-0.158784
-0.187275
-0.214349
-0.239915
-0.263888
-0.286185
-0.306729
-0.325448
-0.342275
-0.357148
-0.370010
-0.380809
-0.389501
-0.396046
-0.400408
-0.402562
-0.402484
-0.400158
-0.395576
-0.388733
-0.379633
-0.368283
-0.354699
-0.338903
-0.320920
-0.300785
-0.278537
-0.254220
-0.227885
-0.199589
-0.169394
-0.137366
-0.103578
-0.068108
-0.031037
0.007548
0.047556
0.088891
0.131455
0.175145
0.219854
0.265473
0.311890
0.358989
0.406655
0.454766
0.503204
0.551844
0.600565
0.649240
0.697747
0.745958
0.793751
0.840999
0.887581
0.933372
0.978251
1.022100
1.064800
1.106236
1.146295
1.184867
1.221845
1.257126
1.290610
1.322200
1.351806
1.379339
1.404716
1.427860
1.448697
1.467160
1.483185
1.496717
1.507703
1.516097
1.521861
1.524961
1.525368
1.523062
1.518028
1.510256
1.499744
1.486496
1.470521
1.451837
1.430466
1.406436
1.379783
1.350547
1.318776
1.284523
1.247845
1.208808
1.167480
1.123937
1.078258
1.030529
0.980838
0.929280
0.875952
0.820958
0.764403
0.706397
0.647052
0.586484
0.524811
0.462154
0.398635
0.334380
0.269515
0.204167
0.138463
0.072534
0.006507
-0.059489
-0.125324
-0.190871
-0.256002
-0.320594
-0.384520
-0.447660
-0.509894
-0.571103
-0.631175
-0.689996
-0.747459
-0.803459
-0.857896
-0.910672
-0.961696
-1.010879
-1.058139
-1.103396
-1.146579
-1.187619
-1.226455
-1.263029
-1.297290
-1.329193
-1.358700
-1.385777
-1.410396
-1.432538
-1.452188
-1.469337
-1.483983
-1.496130
-1.505789
-1.512976
-1.517714
-1.520031
-1.519963
-1.517549
-1.512837
-1.505878
-1.496729
-1.485455
-1.472122
-1.456805
-1.439580
-1.420531
-1.399744
-1.377311
-1.353326
-1.327888
-1.301100
-1.273067
-1.243897
-1.213700
-1.182590
-1.150683
-1.118094
-1.084943
-1.051349
-1.017431
-0.983311
-0.949111
-0.914949
-0.880948
-0.847227
-0.813905
-0.781098
-0.748923
-0.717492
-0.686919
-0.657311
-0.628776
-0.601415
-0.575328
-0.550613
-0.527360
-0.505659
-0.485592
-0.467240
-0.450678
-0.435973
-0.423192
-0.412394
-0.403632
-0.396954
-0.392403
-0.390017
-0.389825
-0.391852
-0.396118
-0.402635
-0.411409
-0.422440
-0.435724
-0.451247
-0.468992
-0.488934
-0.511043
-0.535282
-0.561610
-0.589978
-0.620332
-0.652614
-0.686758
-0.722696
-0.760351
-0.799644
-0.840490
-0.882801
-0.926483
-0.971439
-1.017568
-1.064765
-1.112922
-1.161928
-1.211669
-1.262030
-1.312893
-1.364136
-1.415638
-1.467277
-1.518927
-1.570466
-1.621767
-1.672706
-1.723157
-1.772998
-1.822104
-1.870354
-1.917627
-1.963805
-2.008771
-2.052411
-2.094613
-2.135270
-2.174276
-2.211528
-2.246931
-2.280389
-2.311813
-2.341117
-2.368223
-2.393053
-2.415537
-2.435611
-2.453215
-2.468294
-2.480801
-2.490692
-2.497931
-2.502488
-2.504338
-2.503464
-2.499852
-2.493498
-2.484403
-2.472574
-2.458023
-2.440770
-2.420842
-2.398270
-2.373093
-2.345355
-2.315105
-2.282400
-2.247300
-2.209874
-2.170193
-2.128335
-2.084382
-2.038422
-1.990547
-1.940852
-1.889438
-1.836410
-1.781874
-1.725943
-1.668730
-1.610353
-1.550931
-1.490586
-1.429442
-1.367624
-1.305260
-1.242476
-1.179401
-1.116165
-1.052896
-0.989723
-0.926774
-0.864177
-0.802058
-0.740542
-0.679751
-0.619807
-0.560828
-0.502930
-0.446226
-0.390826
-0.336837
-0.284360
-0.233495
-0.184336
-0.136973
-0.091492
-0.047973
-0.006491
0.032883
0.070084
0.105053
0.137736
0.168085
0.196059
0.221621
0.244741
0.265396
0.283568
0.299246
0.312424
0.323104
0.331293
0.337005
0.340259
0.341082
0.339505
0.335566
0.329308
0.320782
0.310042
0.297148
0.282166
0.265167
0.246227
0.225425
0.202848
0.178583
0.152724
0.125368
0.096617
0.066572
0.035342
0.003037
-0.030233
-0.064352
-0.099205
-0.134674
-0.170640
-0.206982
-0.243581
-0.280315
-0.317064
-0.353707
-0.390123
-0.426193
-0.461800
-0.496827
-0.531159
-0.564684
-0.597291
-0.628873
-0.659325
-0.688547
-0.716439
-0.742908
-0.767864
-0.791221
-0.812897
-0.832816
-0.850904
-0.867096
-0.881330
-0.893549
-0.903701
-0.911743
-0.917634
-0.921340
-0.922835
-0.922095
-0.919107
-0.913859
-0.906350
-0.896582
-0.884564
-0.870311
-0.853845
-0.835193
-0.814388
-0.791471
-0.766487
-0.739485
-0.710524
-0.679665
-0.646975
-0.612527
-0.576399
-0.538673
-0.499436
-0.458778
-0.416797
-0.373590
-0.329261
-0.283916
-0.237665
-0.190620
-0.142896
-0.094610
-0.045882
0.003167
0.052415
0.101738
0.151012
0.200113
0.248914
0.297292
0.345121
0.392279
0.438642
0.484090
0.528503
0.571763
0.613754
0.654365
0.693486
0.731009
0.766831
0.800853
0.832979
0.863117
0.891179
0.917084
0.940754
0.962114
0.981099
0.997644
1.011695
1.023199
1.032111
1.038392
1.042009
1.042934
1.041146
1.036630
1.029378
1.019387
1.006661
0.991212
0.973054
0.952212
0.928715
0.902597
0.873901
0.842672
0.808965
0.772838
0.734355
0.693587
0.650608
0.605499
0.558345
0.509235
0.458263
0.405528
0.351133
0.295183
0.237788
0.179061
0.119117
0.058076
-0.003943
-0.066815
-0.130417
-0.194623
-0.259304
-0.324333
-0.389581
-0.454919
-0.520218
-0.585349
-0.650185
-0.714599
-0.778466
-0.841660
-0.904061
-0.965549
-1.026007
-1.085319
-1.143375
-1.200067
-1.255289
-1.308943
-1.360930
-1.411160
-1.459543
-1.505998
-1.550446
-1.592816
-1.633038
-1.671051
-1.706799
-1.740231
-1.771302
-1.799973
-1.826212
-1.849991
-1.871291
-1.890096
-1.906400
-1.920199
-1.931499
-1.940310
-1.946648
-1.950537
-1.952006
-1.951090
-1.947830
-1.942272
-1.934469
-1.924478
-1.912362
-1.898191
-1.882037
-1.863979
-1.844098
-1.822483
-1.799225
-1.774419
-1.748163
-1.720561
-1.691717
-1.661740
-1.630741
-1.598833
-1.566131
-1.532753
-1.498816
-1.464440
-1.429746
-1.394855
-1.359886
-1.324962
-1.290202
-1.255727
-1.221655
-1.188102
-1.155185
-1.123018
-1.091711
-1.061374
-1.032113
-1.004030
-0.977225
-0.951794
-0.927829
-0.905418
-0.884645
-0.865589
-0.848324
-0.832920
-0.819441
-0.807946
-0.798488
-0.791116
-0.785872
-0.782792
-0.781907
-0.783242
-0.786814
-0.792637
-0.800716
-0.811051
-0.823637
-0.838461
-0.855504
-0.874742
-0.896144
-0.919674
-0.945289
-0.972941
-1.002576
-1.034134
-1.067551
-1.102756
-1.139674
-1.178225
-1.218325
-1.259883
-1.302808
-1.347000
-1.392360
-1.438781
-1.486157
-1.534375
-1.583323
-1.632883
-1.682938
-1.733368
-1.784049
-1.834861
-1.885677
-1.936375
-1.986828
-2.036912
-2.086503
-2.135475
-2.183707
-2.231075
-2.277460
-2.322744
-2.366809
-2.409541
-2.450831
-2.490568
-2.528649
-2.564971
-2.599437
-2.631954
-2.662431
-2.690785
-2.716934
-2.740805
-2.762325
-2.781431
-2.798063
-2.812167
-2.823696
-2.832606
-2.838862
-2.842433
-2.843296
-2.841432
-2.836830
-2.829485
-2.819397
-2.806575
-2.791031
-2.772786
-2.751865
-2.728302
-2.702134
-2.673406
-2.642169
-2.608478
-2.572394
-2.533987
-2.493327
-2.450493
-2.405567
-2.358637
-2.309796
-2.259138
-2.206766
-2.152783
-2.097297
-2.040419
-1.982265
-1.922951
-1.862597
-1.801325
-1.739258
-1.676523
-1.613246
-1.549555
-1.485579
-1.421446
-1.357285
-1.293225
-1.229395
-1.165922
-1.102931
-1.040548
-0.978896
-0.918094
-0.858263
-0.799518
-0.741970
-0.685731
-0.630907
-0.577599
-0.525906
-0.475923
-0.427739
-0.381440
-0.337106
-0.294812
-0.254628
-0.216619
-0.180844
-0.147356
-0.116203
-0.087427
-0.061063
-0.037142
-0.015686
0.003287
0.019766
0.033747
0.045230
0.054224
0.060741
0.064804
0.066436
0.065671
0.062547
0.057108
0.049403
0.039487
0.027421
0.013272
-0.002891
-0.020991
-0.040947
-0.062674
-0.086084
-0.111082
-0.137572
-0.165453
-0.194621
-0.224968
-0.256385
-0.288761
-0.321980
-0.355926
-0.390482
-0.425528
-0.460945
-0.496612
-0.532408
-0.568213
-0.603904
-0.639363
-0.674471
-0.709108
-0.743160
-0.776510
-0.809048
-0.840662
-0.871245
-0.900693
-0.928905
-0.955783
-0.981233
-1.005165
-1.027493
-1.048136
-1.067017
-1.084064
-1.099212
-1.112397
-1.123564
-1.132663
-1.139647
-1.144479
-1.147124
-1.147556
-1.145752
-1.141698
-1.135384
-1.126808
-1.115972
-1.102886
-1.087566
-1.070033
-1.050315
-1.028446
-1.004466
-0.978419
-0.950358
-0.920339
-0.888425
-0.854682
-0.819185
-0.782010
-0.743241
-0.702964
-0.661271
-0.618258
-0.574023
-0.528671
-0.482307
-0.435042
-0.386987
-0.338259
-0.288974
-0.239251
-0.189213
-0.138980
-0.088678
-0.038430
0.011639
0.061403
0.110739
0.159521
0.207626
0.254932
0.301317
0.346661
0.390848
0.433763
0.475291
0.515325
0.553757
0.590484
0.625406
0.658429
0.689460
0.718412
0.745203
0.769756
0.791997
0.811859
0.829280
0.844204
0.856580
0.866363
0.873513
0.877998
0.879790
0.878869
0.875220
0.868835
0.859712
0.847855
0.833275
0.815988
0.796019
0.773396
0.748155
0.720338
0.689991
0.657169
0.621930
0.584339
0.544467
0.502388
0.458183
0.411937
0.363740
0.313686
0.261874
0.208407
0.153391
0.096935
0.039153
-0.019839
-0.079924
-0.140980
-0.202883
-0.265510
-0.328734
-0.392427
-0.456462
-0.520709
-0.585040
-0.649326
-0.713438
-0.777248
-0.840630
-0.903458
-0.965608
-1.026959
-1.087391
-1.146786
-1.205031
-1.262015
-1.317628
-1.371768
-1.424333
-1.475227
-1.524359
-1.571641
-1.616991
-1.660329
-1.701585
-1.740691
-1.777585
-1.812211
-1.844518
-1.874462
-1.902005
-1.927113
-1.949760
-1.969927
-1.987599
-2.002768
-2.015433
-2.025598
-2.033275
-2.038480
-2.041237
-2.041575
-2.039529
-2.035141
-2.028458
-2.019531
-2.008419
-1.995186
-1.979900
-1.962634
-1.943468
-1.922483
-1.899768
-1.875413
-1.849515
-1.822172
-1.793487
-1.763565
-1.732515
-1.700448
-1.667477
-1.633717
-1.599287
-1.564303
-1.528886
-1.493155
-1.457233
-1.421239
-1.385295
-1.349521
-1.314036
-1.278960
-1.244409
-1.210499
-1.177344
-1.145054
-1.113738
-1.083503
-1.054451
-1.026681
-1.000290
-0.975368
-0.952005
-0.930283
-0.910282
-0.892074
-0.875731
-0.861315
-0.848886
-0.838497
-0.830195
-0.824023
-0.820016
-0.818206
-0.818616
-0.821264
-0.826163
-0.833319
-0.842731
-0.854392
-0.868291
-0.884408
-0.902718
-0.923191
-0.945790
-0.970471
-0.997188
-1.025884
-1.056500
-1.088972
-1.123229
-1.159195
-1.196791
-1.235931
-1.276525
-1.318481
-1.361700
-1.406081
-1.451520
-1.497907
-1.545132
-1.593081
-1.641637
-1.690682
-1.740095
-1.789756
-1.839540
-1.889324
-1.938983
-1.988391
-2.037425
-2.085959
-2.133870
-2.181034
-2.227329
-2.272635
-2.316834
-2.359810
-2.401448
-2.441637
-2.480269
-2.517240
-2.552449
-2.585796
-2.617190
-2.646541
-2.673764
-2.698779
-2.721511
-2.741891
-2.759854
-2.775340
-2.788295
-2.798673
-2.806432
-2.811534
-2.813950
-2.813657
-2.810637
-2.804879
-2.796377
-2.785133
-2.771155
-2.754456
-2.735058
-2.712985
-2.688271
-2.660955
-2.631081
-2.598700
-2.563869
-2.526648
-2.487106
-2.445316
-2.401355
-2.355307
-2.307259
-2.257304
-2.205538
-2.152061
-2.096979
-2.040400
-1.982435
-1.923198
-1.862807
-1.801382
-1.739044
-1.675918
-1.612130
-1.547806
-1.483074
-1.418063
-1.352901
-1.287718
-1.222642
-1.157802
-1.093324
-1.029336
-0.965961
-0.903322
-0.841541
-0.780735
-0.721020
-0.662509
-0.605312
-0.549533
-0.495277
-0.442641
-0.391718
-0.342600
-0.295369
-0.250108
-0.206890
-0.165786
-0.126860
-0.090171
-0.055772
-0.023710
0.005974
0.033243
0.058068
0.080427
0.100302
0.117682
0.132563
0.144947
0.154842
0.162261
0.167225
0.169761
0.169901
0.167683
0.163152
0.156357
0.147355
0.136204
0.122973
0.107732
0.090557
0.071529
0.050734
0.028260
0.004202
-0.021343
-0.048275
-0.076489
-0.105878
-0.136333
-0.167740
-0.199986
-0.232954
-0.266526
-0.300584
-0.335007
-0.369675
-0.404467
-0.439262
-0.473939
-0.508378
-0.542460
-0.576067
-0.609083
-0.641393
-0.672886
-0.703450
-0.732979
-0.761369
-0.788518
-0.814328
-0.838707
-0.861564
-0.882814
-0.902376
-0.920173
-0.936133
-0.950191
-0.962284
-0.972357
-0.980360
-0.986247
-0.989980
-0.991525
-0.990856
-0.987952
-0.982797
-0.975382
-0.965705
-0.953770
-0.939586
-0.923168
-0.904540
-0.883728
-0.860768
-0.835698
-0.808565
-0.779421
-0.748322
-0.715331
-0.680515
-0.643949
-0.605710
-0.565881
-0.524548
-0.481805
-0.437745
-0.392471
-0.346083
-0.298690
-0.250401
-0.201328
-0.151588
-0.101296
-0.050574
0.000458
0.051678
0.102961
0.154184
0.205221
0.255948
0.306239
0.355971
0.405019
0.453262
0.500578
0.546847
0.591953
0.635780
0.678216
0.719151
0.758479
0.796097
0.831905
0.865809
0.897716
0.927539
0.955198
0.980613
1.003714
1.024432
1.042706
1.058479
1.071702
1.082328
1.090320
1.095645
1.098275
1.098190
1.095377
1.089826
1.081537
1.070514
1.056768
1.040315
1.021181
0.999393
0.974989
0.948010
0.918503
0.886523
0.852128
0.815384
0.776361
0.735135
0.691785
0.646398
0.599064
0.549877
0.498936
0.446343
0.392206
0.336634
0.279740
0.221641
0.162454
0.102302
0.041306
-0.020407
-0.082712
-0.145482
-0.208588
-0.271901
-0.335292
-0.398633
-0.461795
-0.524649
-0.587071
-0.648933
-0.710113
-0.770488
-0.829939
-0.888349
-0.945605
-1.001594
-1.056209
-1.109346
-1.160906
-1.210790
-1.258909
-1.305175
-1.349505
-1.391822
-1.432053
-1.470132
-1.505997
-1.539592
-1.570867
-1.599778
-1.626287
-1.650360
-1.671973
-1.691105
-1.707742
-1.721877
-1.733508
-1.742642
-1.749288
-1.753464
-1.755194
-1.754507
-1.751440
-1.746032
-1.738333
-1.728393
-1.716273
-1.702034
-1.685747
-1.667485
-1.647326
-1.625355
-1.601657
-1.576326
-1.549456
-1.521147
-1.491501
-1.460625
-1.428626
-1.395616
-1.361709
-1.327019
-1.291664
-1.255763
-1.219435
-1.182800
-1.145979
-1.109094
-1.072265
-1.035612
-0.999256
-0.963313
-0.927903
-0.893140
-0.859137
-0.826006
-0.793855
-0.762790
-0.732914
-0.704326
-0.677121
-0.651392
-0.627225
-0.604704
-0.583909
-0.564911
-0.547782
-0.532584
-0.519376
-0.508212
-0.499137
-0.492196
-0.487422
-0.484847
-0.484493
-0.486380
-0.490519
-0.496916
-0.505569
-0.516473
-0.529614
-0.544973
-0.562525
-0.582240
-0.604079
-0.628000
-0.653953
-0.681886
-0.711736
-0.743440
-0.776926
-0.812120
-0.848939
-0.887300
-0.927112
-0.968281
-1.010711
-1.054299
-1.098940
-1.144525
-1.190944
-1.238083
-1.285824
-1.334050
-1.382640
-1.431472
-1.480422
-1.529368
-1.578184
-1.626745
-1.674926
-1.722603
-1.769651
-1.815948
-1.861372
-1.905802
-1.949121
-1.991211
-2.031960
-2.071257
-2.108992
-2.145063
-2.179366
-2.211806
-2.242289
-2.270726
-2.297032
-2.321128
-2.342939
-2.362395
-2.379432
-2.393991
-2.406019
-2.415467
-2.422295
-2.426467
-2.427953
-2.426729
-2.422779
-2.416091
-2.406660
-2.394489
-2.379586
-2.361963
-2.341643
-2.318651
-2.293021
-2.264792
-2.234008
-2.200721
-2.164987
-2.126868
-2.086432
-2.043752
-1.998907
-1.951980
-1.903058
-1.852234
-1.799605
-1.745272
-1.689339
-1.631915
-1.573111
-1.513043
-1.451827
-1.389583
-1.326434
-1.262504
-1.197919
-1.132804
-1.067289
-1.001502
-0.935571
-0.869626
-0.803796
-0.738208
-0.672990
-0.608268
-0.544167
-0.480809
-0.418314
-0.356802
-0.296388
-0.237183
-0.179298
-0.122839
-0.067907
-0.014601
0.036986
0.086763
0.134648
0.180558
0.224420
0.266165
0.305727
0.343049
0.378077
0.410765
0.441071
0.468960
0.494403
0.517377
0.537865
0.555857
0.571349
0.584343
0.594847
0.602875
0.608448
0.611592
0.612341
0.610733
0.606813
0.600630
0.592241
0.581706
0.569092
0.554470
0.537917
0.519513
0.499345
0.477502
0.454077
0.429168
0.402877
0.375307
0.346566
0.316763
0.286012
0.254426
0.222122
0.189217
0.155832
0.122086
0.088099
0.053993
0.019888
-0.014094
-0.047834
-0.081214
-0.114114
-0.146419
-0.178014
-0.208787
-0.238629
-0.267432
-0.295091
-0.321507
-0.346582
-0.370221
-0.392336
-0.412841
-0.431656
-0.448704
-0.463913
-0.477218
-0.488557
-0.497875
-0.505121
-0.510251
-0.513227
-0.514016
-0.512590
-0.508929
-0.503018
-0.494848
-0.484418
-0.471731
-0.456797
-0.439632
-0.420259
-0.398705
-0.375005
-0.349200
-0.321335
-0.291462
-0.259639
-0.225928
-0.190398
-0.153122
-0.114178
-0.073648
-0.031622
0.011810
0.056552
0.102503
0.149561
0.197618
0.246564
0.296287
0.346672
0.397600
0.448952
0.500607
0.552442
0.604334
0.656158
0.707789
0.759103
0.809974
0.860278
0.909892
0.958693
1.006560
1.053373
1.099017
1.143375
1.186335
1.227788
1.267628
1.305751
1.342059
1.376456
1.408851
1.439158
1.467294
1.493182
1.516751
1.537932
1.556666
1.572895
1.586569
1.597645
1.606082
1.611849
1.614919
1.615273
1.612895
1.607779
1.599923
1.589332
1.576016
1.559995
1.541291
1.519934
1.495960
1.469413
1.440338
1.408792
1.374832
1.338525
1.299941
1.259155
1.216249
1.171308
1.124422
1.075687
1.025201
0.973067
0.919392
0.864286
0.807862
0.750236
0.691527
0.631856
0.571347
0.510124
0.448314
0.386044
0.323442
0.260638
0.197759
0.134936
0.072297
0.009969
-0.051922
-0.113249
-0.173889
-0.233721
-0.292625
-0.350483
-0.407184
-0.462614
-0.516667
-0.569239
-0.620230
-0.669543
-0.717088
-0.762777
-0.806528
-0.848264
-0.887913
-0.925409
-0.960689
-0.993698
-1.024386
-1.052710
-1.078631
-1.102118
-1.123144
-1.141690
-1.157742
-1.171294
-1.182344
-1.190897
-1.196966
-1.200567
-1.201724
-1.200469
-1.196835
-1.190865
-1.182607
-1.172113
-1.159443
-1.144659
-1.127831
-1.109034
-1.088345
-1.065849
-1.041633
-1.015788
-0.988412
-0.959602
-0.929462
-0.898098
-0.865619
-0.832135
-0.797760
-0.762611
-0.726803
-0.690456
-0.653689
-0.616622
-0.579377
-0.542075
-0.504835
-0.467780
-0.431027
-0.394697
-0.358905
-0.323766
-0.289396
-0.255903
-0.223398
-0.191985
-0.161766
-0.132842
-0.105308
-0.079254
-0.054769
-0.031935
-0.010831
0.008469
0.025897
0.041389
0.054887
0.066338
0.075694
0.082915
0.087964
0.090813
0.091436
0.089817
0.085945
0.079813
0.071422
0.060780
0.047900
0.032801
0.015509
-0.003945
-0.025524
-0.049184
-0.074876
-0.102546
-0.132132
-0.163570
-0.196789
-0.231713
-0.268261
-0.306347
-0.345882
-0.386773
-0.428919
-0.472221
-0.516573
-0.561866
-0.607989
-0.654827
-0.702264
-0.750182
-0.798460
-0.846976
-0.895606
-0.944228
-0.992715
-1.040943
-1.088788
-1.136123
-1.182827
-1.228774
-1.273845
-1.317918
-1.360876
-1.402602
-1.442983
-1.481907
-1.519268
-1.554960
-1.588883
-1.620939
-1.651035
-1.679083
-1.704998
-1.728701
-1.750117
-1.769177
-1.785816
-1.799977
-1.811605
-1.820654
-1.827083
-1.830855
-1.831942
-1.830320
-1.825972
-1.818888
-1.809063
-1.796500
-1.781205
-1.763195
-1.742490
-1.719116
-1.693107
-1.664503
-1.633348
-1.599693
-1.563596
-1.525119
-1.484331
-1.441303
-1.396116
-1.348852
-1.299599
-1.248451
-1.195503
-1.140858
-1.084620
-1.026897
-0.967802
-0.907449
-0.845956
-0.783442
-0.720031
-0.655846
-0.591013
-0.525659
-0.459911
-0.393899
-0.327752
-0.261598
-0.195566
-0.129784
-0.064380
0.000520
0.064793
0.128315
0.190966
0.252628
0.313185
0.372525
0.430539
0.487121
0.542169
0.595585
0.647276
0.697152
0.745129
0.791127
0.835072
0.876894
0.916529
0.953920
0.989013
1.021762
1.052125
1.080069
1.105563
1.128586
1.149121
1.167158
1.182693
1.195728
1.206271
1.214339
1.219950
1.223133
1.223921
1.222351
1.218470
1.212327
1.203979
1.193486
1.180916
1.166339
1.149834
1.131480
1.111364
1.089575
1.066208
1.041359
1.015131
0.987628
0.958956
0.929227
0.898553
0.867047
0.834828
0.802012
0.768719
0.735069
0.701182
0.667180
0.633183
0.599312
0.565687
0.532427
0.499650
0.467472
0.436007
0.405367
0.375663
0.347001
0.319484
0.293215
0.268290
0.244802
0.222841
0.202492
0.183835
0.166947
0.151899
0.138757
0.127581
0.118428
0.111346
0.106381
0.103570
0.102946
0.104536
0.108360
0.114433
0.122763
0.133351
0.146195
0.161284
0.178600
0.198122
0.219822
0.243664
0.269607
0.297607
0.327610
0.359559
0.393390
0.429036
0.466423
0.505472
0.546101
0.588221
0.631741
0.676564
0.722590
0.769715
0.817833
0.866834
0.916605
0.967029
1.017990
1.069368
1.121041
1.172887
1.224782
1.276602
1.328221
1.379516
1.430360
1.480630
1.530202
1.578953
1.626764
1.673514
1.719086
1.763366
1.806242
1.847604
1.887345
1.925364
1.961561
1.995841
2.028114
2.058292
2.086294
2.112044
2.135469
2.156502
2.175082
2.191154
2.204667
2.215578
2.223847
2.229443
2.232339
2.232516
2.229960
2.224663
2.216625
2.205850
2.192350
2.176143
2.157253
2.135710
2.111551
2.084818
2.055559
2.023828
1.989686
1.953197
1.914434
1.873470
1.830389
1.785275
1.738219
1.689316
1.638665
1.586370
1.532537
1.477276
1.420701
1.362928
1.304075
1.244266
1.183621
1.122267
1.060330
0.997937
0.935217
0.872299
0.809311
0.746382
0.683641
0.621216
0.559233
0.497817
0.437092
0.377180
0.318199
0.260266
0.203497
0.148000
0.093883
0.041251
-0.009797
-0.059165
-0.106762
-0.152501
-0.196300
-0.238082
-0.277776
-0.315315
-0.350637
-0.383688
-0.414417
-0.442782
-0.468744
-0.492272
-0.513341
-0.531929
-0.548026
-0.561623
-0.572720
-0.581323
-0.587444
-0.591099
-0.592315
-0.591120
-0.587550
-0.581649
-0.573463
-0.563045
-0.550456
-0.535758
-0.519021
-0.500319
-0.479732
-0.457343
-0.433240
-0.407515
-0.380264
-0.351586
-0.321584
-0.290365
-0.258038
-0.224713
-0.190504
-0.155527
-0.119899
-0.083739
-0.047167
-0.010302
0.026734
0.063820
0.100835
0.137659
0.174174
0.210259
0.245799
0.280677
0.314782
0.348001
0.380226
0.411353
0.441278
0.469904
0.497133
0.522876
0.547045
0.569557
0.590334
0.609302
0.626393
0.641544
0.654696
0.665797
0.674800
0.681664
0.686354
0.688839
0.689097
0.687111
0.682868
0.676365
0.667601
0.656585
0.643330
0.627855
0.610187
0.590357
0.568402
0.544367
0.518300
0.490257
0.460298
0.428489
0.394901
0.359611
0.322698
0.284249
0.244354
0.203108
0.160607
0.116954
0.072256
0.026619
-0.019844
-0.067019
-0.114789
-0.163035
-0.211638
-0.260474
-0.309421
-0.358355
-0.407150
-0.455682
-0.503826
-0.551457
-0.598452
-0.644687
-0.690041
-0.734394
-0.777627
-0.819625
-0.860274
-0.899463
-0.937085
-0.973036
-1.007214
-1.039522
-1.069868
-1.098164
-1.124324
-1.148270
-1.169928
-1.189228
-1.206106
-1.220505
-1.232370
-1.241656
-1.248321
-1.252330
-1.253654
-1.252269
-1.248160
-1.241316
-1.231733
-1.219413
-1.204364
-1.186601
-1.166147
-1.143027
-1.117275
-1.088931
-1.058040
-1.024654
-0.988830
-0.950631
-0.910124
-0.867384
-0.822490
-0.775524
-0.726576
-0.675737
-0.623106
-0.568784
-0.512875
-0.455489
-0.396737
-0.336734
-0.275598
-0.213449
-0.150409
-0.086603
-0.022156
0.042804
0.108150
0.173752
0.239483
0.305213
0.370813
0.436155
0.501112
0.565559
0.629370
0.692423
0.754599
0.815778
0.875845
0.934689
0.992200
1.048272
1.102804
1.155699
1.206862
1.256205
1.303644
1.349098
1.392495
1.433764
1.472842
1.509671
1.544199
1.576378
1.606170
1.633538
1.658454
1.680897
1.700849
1.718301
1.733250
1.745698
1.755653
1.763132
1.768154
1.770748
1.770946
1.768788
1.764318
1.757588
1.748654
1.737576
1.724423
1.709266
1.692182
1.673252
1.652562
1.630202
1.606267
1.580854
1.554064
1.526003
1.496777
1.466497
1.435276
1.403227
1.370469
1.337117
1.303293
1.269116
1.234707
1.200186
1.165674
1.131293
1.097162
1.063400
1.030125
0.997452
0.965497
0.934370
0.904182
0.875040
0.847047
0.820305
0.794909
0.770953
0.748527
0.727715
0.708598
0.691252
0.675747
0.662149
0.650520
0.640913
0.633379
0.627962
0.624699
0.623624
0.624761
0.628133
0.633752
0.641627
0.651759
0.664145
0.678773
0.695627
0.714684
0.735915
0.759286
0.784755
0.812276
0.841796
0.873258
0.906599
0.941749
0.978635
1.017178
1.057295
1.098898
1.141895
1.186189
1.231680
1.278264
1.325835
1.374281
1.423490
1.473346
1.523732
1.574528
1.625612
1.676862
1.728154
1.779363
1.830365
1.881034
1.931246
1.980877
2.029802
2.077900
2.125050
2.171133
2.216031
2.259631
2.301819
2.342487
2.381528
2.418841
2.454326
2.487889
2.519438
2.548888
2.576157
2.601169
2.623851
2.644137
2.661966
2.677283
2.690037
2.700186
2.707691
2.712519
2.714645
2.714050
2.710720
2.704648
2.695833
2.684281
2.670003
2.653017
2.633348
2.611027
2.586090
2.558580
2.528545
2.496040
2.461125
2.423865
2.384332
2.342602
2.298756
2.252881
2.205067
2.155409
2.104007
2.050963
1.996386
1.940385
1.883073
1.824568
1.764988
1.704455
1.643092
1.581023
1.518377
1.455279
1.391859
1.328244
1.264566
1.200951
1.137529
1.074427
1.011772
0.949688
0.888300
0.827729
0.768093
0.709511
0.652094
0.595955
0.541199
0.487932
0.436252
0.386255
0.338031
0.291669
0.247248
0.204847
0.164537
0.126383
0.090447
0.056784
0.025443
-0.003533
-0.030106
-0.054244
-0.075922
-0.095122
-0.111831
-0.126041
-0.137752
-0.146971
-0.153709
-0.157984
-0.159822
-0.159252
-0.156310
-0.151040
-0.143489
-0.133710
-0.121764
-0.107713
-0.091628
-0.073583
-0.053657
-0.031934
-0.008503
0.016544
0.043112
0.071101
0.100407
0.130925
0.162545
0.195156
0.228644
0.262894
0.297788
0.333207
0.369033
0.405143
0.441418
0.477736
0.513977
0.550021
0.585747
0.621038
0.655777
0.689848
0.723138
0.755538
0.786937
0.817232
0.846319
0.874101
0.900482
0.925370
0.948680
0.970327
0.990235
1.008330
1.024544
1.038813
1.051080
1.061293
1.069405
1.075374
1.079167
1.080753
1.080110
1.077220
1.072073
1.064663
1.054993
1.043070
1.028907
1.012525
0.993950
0.973212
0.950352
0.925412
0.898442
0.869497
0.838638
0.805931
0.771448
0.735265
0.697463
0.658127
0.617349
0.575222
0.531844
0.487319
0.441752
0.395250
0.347927
0.299896
0.251275
0.202181
0.152736
0.103062
0.053282
0.003521
-0.046098
-0.095449
-0.144407
-0.192847
-0.240646
-0.287680
-0.333829
-0.378972
-0.422991
-0.465771
-0.507197
-0.547160
-0.585551
-0.622267
-0.657206
-0.690273
-0.721375
-0.750422
-0.777332
-0.802025
-0.824427
-0.844469
-0.862087
-0.877224
-0.889827
-0.899849
-0.907250
-0.911993
-0.914051
-0.913402
-0.910028
-0.903919
-0.895072
-0.883489
-0.869180
-0.852158
-0.832446
-0.810071
-0.785067
-0.757474
-0.727337
-0.694709
-0.659646
-0.622212
-0.582475
-0.540509
-0.496393
-0.450210
-0.402050
-0.352006
-0.300174
-0.246657
-0.191559
-0.134990
-0.077061
-0.017887
0.042413
0.103720
0.165910
0.228861
0.292445
0.356536
0.421005
0.485725
0.550566
0.615399
0.680095
0.744527
0.808567
0.872090
0.934971
0.997088
1.058319
1.118549
1.177661
1.235543
1.292086
1.347185
1.400739
1.452650
1.502824
1.551174
1.597614
1.642065
1.684455
1.724713
1.762777
1.798588
1.832095
1.863251
1.892016
1.918355
1.942241
1.963652
1.982571
1.998988
2.012902
2.024314
2.033233
2.039675
2.043662
2.045220
2.044384
2.041193
2.035692
2.027933
2.017971
2.005868
1.991692
1.975515
1.957413
1.937469
1.915768
1.892402
1.867463
1.841050
1.813265
1.784213
1.754000
1.722738
1.690538
1.657517
1.623790
1.589475
1.554692
1.519561
1.484203
1.448738
1.413288
1.377973
1.342912
1.308226
1.274031
1.240444
1.207578
1.175546
1.144456
1.114417
1.085531
1.057899
1.031618
1.006780
0.983476
0.961788
0.941799
0.923583
0.907211
0.892749
0.880257
0.869789
0.861396
0.855121
0.851001
0.849069
0.849351
0.851867
0.856630
0.863649
0.872925
0.884452
0.898221
0.914215
0.932409
0.952776
0.975280
0.999879
1.026528
1.055173
1.085756
1.118213
1.152477
1.188472
1.226120
1.265338
1.306036
1.348123
1.391503
1.436074
1.481733
1.528372
1.575882
1.624148
1.673056
1.722487
1.772322
1.822439
1.872716
1.923028
1.973251
2.023260
2.072931
2.122137
2.170757
2.218664
2.265739
2.311859
2.356905
2.400762
2.443314
2.484449
2.524058
2.562035
2.598279
2.632689
2.665173
2.695638
2.724000
2.750177
2.774092
2.795674
2.814857
2.831579
2.845787
2.857429
2.866463
2.872851
2.876561
2.877568
2.875852
2.871399
2.864205
2.854267
2.841591
2.826190
2.808083
2.787293
2.763851
2.737795
2.709168
2.678018
2.644400
2.608375
2.570007
2.529370
2.486539
2.441595
2.394626
2.345722
2.294978
2.242494
2.188374
2.132724
2.075655
2.017281
1.957718
1.897086
1.835506
1.773101
1.709997
1.646320
1.582197
1.517758
1.453130
1.388443
1.323826
1.259407
1.195314
1.131674
1.068610
1.006247
0.944706
0.884107
0.824565
0.766194
0.709105
0.653404
0.599196
0.546580
0.495650
0.446498
0.399211
0.353869
0.310549
0.269323
0.230257
0.193410
0.158839
0.126591
0.096710
0.069234
0.044193
0.021613
0.001512
-0.016098
-0.031209
-0.043822
-0.053943
-0.061584
-0.066764
-0.069508
-0.069846
-0.067815
-0.063457
-0.056821
-0.047960
-0.036934
-0.023807
-0.008650
0.008463
0.027453
0.048236
0.070722
0.094821
0.120435
0.147465
0.175808
0.205356
0.236002
0.267633
0.300136
0.333394
0.367292
0.401709
0.436526
0.471622
0.506877
0.542170
0.577379
0.612386
0.647069
0.681311
0.714996
0.748007
0.780233
0.811562
0.841886
0.871100
0.899103
0.925794
0.951081
0.974871
0.997078
1.017619
1.036417
1.053398
1.068495
1.081644
1.092789
1.101877
1.108862
1.113703
1.116365
1.116819
1.115043
1.111020
1.104739
1.096195
1.085391
1.072334
1.057038
1.039524
1.019818
0.997952
0.973964
0.947899
0.919806
0.889742
0.857766
0.823945
0.788351
0.751061
0.712156
0.671721
0.629848
0.586630
0.542167
0.496561
0.449918
0.402346
0.353957
0.304866
0.255189
0.205047
0.154558
0.103846
0.053034
0.002246
-0.048393
-0.098758
-0.148725
-0.198168
-0.246964
-0.294990
-0.342125
-0.388248
-0.433242
-0.476991
-0.519382
-0.560303
-0.599649
-0.637314
-0.673199
-0.707206
-0.739243
-0.769223
-0.797061
-0.822678
-0.846001
-0.866961
-0.885495
-0.901545
-0.915058
-0.925988
-0.934294
-0.939943
-0.942904
-0.943157
-0.940684
-0.935477
-0.927531
-0.916850
-0.903442
-0.887324
-0.868515
-0.847045
-0.822948
-0.796263
-0.767037
-0.735322
-0.701175
-0.664659
-0.625844
-0.584803
-0.541616
-0.496367
-0.449144
-0.400041
-0.349155
-0.296589
-0.242446
-0.186837
-0.129874
-0.071671
-0.012347
0.047978
0.109182
0.171139
0.233724
0.296811
0.360270
0.423974
0.487793
0.551598
0.615261
0.678654
0.741649
0.804121
0.865946
0.927001
0.987166
1.046323
1.104358
1.161157
1.216614
1.270622
1.323079
1.373890
1.422960
1.470201
1.515530
1.558867
1.600138
1.639276
1.676216
1.710901
1.743280
1.773307
1.800941
1.826148
1.848901
1.869178
1.886963
1.902246
1.915026
1.925305
1.933092
1.938403
1.941260
1.941690
1.939728
1.935413
1.928791
1.919913
1.908835
1.895621
1.880336
1.863054
1.843852
1.822811
1.800018
1.775564
1.749543
1.722052
1.693195
1.663075
1.631800
1.599482
1.566232
1.532165
1.497399
1.462051
1.426241
1.390089
1.353715
1.317241
1.280788
1.244475
1.208423
1.172751
1.137577
1.103015
1.069181
1.036186
1.004139
0.973147
0.943314
0.914740
0.887522
0.861752
0.837519
0.814908
0.793999
0.774867
0.757583
0.742211
0.728813
0.717442
0.708148
0.700975
0.695959
0.693133
0.692522
0.694146
0.698018
0.704147
0.712532
0.723170
0.736049
0.751152
0.768456
0.787930
0.809540
0.833245
0.858996
0.886742
0.916423
0.947977
0.981334
1.016419
1.053153
1.091454
1.131232
1.172395
1.214845
1.258484
1.303205
1.348903
1.395465
1.442781
1.490732
1.539202
1.588070
1.637216
1.686515
1.735845
1.785081
1.834097
1.882770
1.930973
1.978584
2.025478
2.071534
2.116630
2.160648
2.203471
2.244984
2.285076
2.323637
2.360563
2.395751
2.429102
2.460522
2.489920
2.517212
2.542315
2.565154
2.585657
2.603758
2.619398
2.632520
2.643075
2.651021
2.656320
2.658940
2.658857
2.656050
2.650508
2.642223
2.631196
2.617433
2.600945
2.581752
2.559879
2.535357
2.508223
2.478520
2.446297
2.411610
2.374519
2.335090
2.293395
2.249510
2.203518
2.155505
2.105562
2.053784
2.000272
1.945128
1.888461
1.830382
1.771002
1.710441
1.648816
1.586250
1.522865
1.458787
1.394144
1.329061
1.263668
1.198094
1.132467
1.066917
1.001572
0.936559
0.872005
0.808034
0.744771
0.682336
0.620849
0.560425
0.501178
0.443219
0.386654
0.331587
0.278117
0.226338
0.176343
0.128216
0.082040
0.037890
-0.004163
-0.044052
-0.081718
-0.117106
-0.150167
-0.180858
-0.209143
-0.234990
-0.258375
-0.279279
-0.297690
-0.313602
-0.327015
-0.337936
-0.346377
-0.352358
-0.355902
-0.357041
-0.355812
-0.352258
-0.346427
-0.338373
-0.328157
-0.315842
-0.301499
-0.285202
-0.267032
-0.247073
-0.225412
-0.202144
-0.177363
-0.151171
-0.123670
-0.094968
-0.065172
-0.034396
-0.002752
0.029643
0.062672
0.096216
0.130155
0.164368
0.198736
0.233137
0.267449
0.301554
0.335331
0.368662
0.401432
0.433523
0.464825
0.495225
0.524617
0.552895
0.579957
0.605705
0.630044
0.652883
0.674136
0.693721
0.711560
0.727580
0.741713
0.753898
0.764075
0.772195
0.778210
0.782080
0.783772
0.783255
0.780508
0.775513
0.768262
0.758749
0.746977
0.732953
0.716693
0.698216
0.677549
0.654724
0.629782
0.602764
0.573723
0.542713
0.509796
0.475039
0.438512
0.400294
0.360466
0.319114
0.276328
0.232204
0.186839
0.140338
0.092804
0.044349
-0.004917
-0.054879
-0.105419
-0.156420
-0.207759
-0.259315
-0.310965
-0.362584
-0.414047
-0.465229
-0.516006
-0.566253
-0.615846
-0.664662
-0.712580
-0.759480
-0.805244
-0.849757
-0.892905
-0.934579
-0.974670
-1.013075
-1.049694
-1.084430
-1.117190
-1.147888
-1.176440
-1.202766
-1.226794
-1.248455
-1.267685
-1.284428
-1.298631
-1.310247
-1.319238
-1.325567
-1.329208
-1.330138
-1.328341
-1.323807
-1.316534
-1.306525
-1.293789
-1.278342
-1.260205
-1.239407
-1.215982
-1.189971
-1.161419
-1.130380
-1.096910
-1.061075
-1.022941
-0.982585
-0.940085
-0.895526
-0.848996
-0.800590
-0.750404
-0.698541
-0.645106
-0.590209
-0.533961
-0.476479
-0.417879
-0.358283
-0.297814
-0.236595
-0.174752
-0.112414
-0.049707
0.013239
0.076295
0.139333
0.202224
0.264840
0.327053
0.388739
0.449773
0.510032
0.569397
0.627750
0.684977
0.740964
0.795605
0.848793
0.900428
0.950412
0.998653
1.045062
1.089556
1.132056
1.172488
1.210784
1.246882
1.280723
1.312257
1.341438
1.368225
1.392586
1.414492
1.433923
1.450862
1.465301
1.477237
1.486674
1.493621
1.498094
1.500115
1.499712
1.496920
1.491778
1.484333
1.474635
1.462742
1.448716
1.432625
1.414541
1.394541
1.372709
1.349129
1.323894
1.297098
1.268838
1.239217
1.208340
1.176315
1.143252
1.109264
1.074467
1.038977
1.002911
0.966390
0.929534
0.892464
0.855300
0.818163
0.781175
0.744454
0.708119
0.672289
0.637078
0.602601
0.568970
0.536293
0.504678
0.474228
0.445042
0.417217
0.390847
0.366019
0.342818
0.321324
0.301612
0.283751
0.267808
0.253842
0.241908
0.232053
0.224322
0.218752
0.215374
0.214214
0.215291
0.218618
0.224203
0.232046
0.242142
0.254480
0.269043
0.285806
0.304740
0.325808
0.348971
0.374180
0.401381
0.430517
0.461524
0.494331
0.528864
0.565045
0.602789
0.642008
0.682608
0.724493
0.767562
0.811710
0.856831
0.902814
0.949545
0.996908
1.044785
1.093057
1.141601
1.190296
1.239016
1.287637
1.336035
1.384084
1.431660
1.478639
1.524897
1.570312
1.614763
1.658133
1.700303
1.741159
1.780591
1.818489
1.854747
1.889264
1.921941
1.952685
1.981404
2.008014
2.032433
2.054586
2.074401
2.091813
2.106762
2.119193
2.129056
2.136309
2.140915
2.142843
2.142067
2.138568
2.132335
2.123361
2.111647
2.097197
2.080026
2.060152
2.037600
2.012403
1.984596
1.954225
1.921338
1.885990
1.848243
1.808163
1.765821
1.721295
1.674667
1.626023
1.575456
1.523060
1.468935
1.413186
1.355920
1.297247
1.237282
1.176142
1.113945
1.050815
0.986873
0.922245
0.857059
0.791441
0.725521
0.659427
0.593287
0.527232
0.461389
0.395886
0.330849
0.266403
0.202672
0.139775
0.077834
0.016962
-0.042725
-0.101118
-0.158111
-0.213600
-0.267486
-0.319674
-0.370073
-0.418598
-0.465168
-0.509707
-0.552144
-0.592412
-0.630453
-0.666212
-0.699641
-0.730697
-0.759342
-0.785548
-0.809288
-0.830546
-0.849309
-0.865571
-0.879333
-0.890601
-0.899389
-0.905716
-0.909606
-0.911091
-0.910208
-0.907001
-0.901518
-0.893813
-0.883947
-0.871984
-0.857995
-0.842054
-0.824242
-0.804643
-0.783346
-0.760443
-0.736032
-0.710212
-0.683087
-0.654764
-0.625351
-0.594961
-0.563707
-0.531706
-0.499075
-0.465933
-0.432400
-0.398597
-0.364643
-0.330661
-0.296770
-0.263092
-0.229745
-0.196848
-0.164517
-0.132867
-0.102011
-0.072059
-0.043120
-0.015297
0.011306
0.036593
0.060468
0.082841
0.103625
0.122739
0.140104
0.155649
0.169307
0.181013
0.190713
0.198353
0.203889
0.207280
0.208492
0.207496
0.204270
0.198799
0.191071
0.181084
0.168839
0.154345
0.137616
0.118674
0.097544
0.074261
0.048862
0.021393
-0.008096
-0.039549
-0.072905
-0.108096
-0.145051
-0.183692
-0.223939
-0.265703
-0.308895
-0.353420
-0.399178
-0.446067
-0.493981
-0.542810
-0.592443
-0.642765
-0.693659
-0.745005
-0.796682
-0.848570
-0.900543
-0.952478
-1.004249
-1.055733
-1.106804
-1.157337
-1.207209
-1.256297
-1.304479
-1.351637
-1.397651
-1.442407
-1.485792
-1.527695
-1.568009
-1.606631
-1.643460
-1.678400
-1.711360
-1.742251
-1.770990
-1.797499
-1.821704
-1.843537
-1.862936
-1.879843
-1.894206
-1.905979
-1.915122
-1.921601
-1.925389
-1.926464
-1.924809
-1.920416
-1.913282
-1.903410
-1.890810
-1.875499
-1.857497
-1.836834
-1.813544
-1.787668
-1.759252
-1.728350
-1.695018
-1.659322
-1.621330
-1.581117
-1.538762
-1.494351
-1.447971
-1.399717
-1.349688
-1.297984
-1.244711
-1.189980
-1.133902
-1.076592
-1.018170
-0.958756
-0.898471
-0.837442
-0.775793
-0.713652
-0.651148
-0.588409
-0.525563
-0.462741
-0.400069
-0.337677
-0.275692
-0.214238
-0.153441
-0.093421
-0.034300
0.023805
0.080780
0.136513
0.190896
0.243823
0.295193
0.344911
0.392882
0.439020
0.483240
0.525464
0.565619
0.603637
0.639454
0.673015
0.704268
0.733167
0.759674
0.783753
0.805379
0.824530
0.841190
0.855352
0.867013
0.876176
0.882852
0.887056
0.888812
0.888147
0.885096
0.879699
0.872002
0.862057
0.849921
0.835657
0.819333
0.801021
0.780799
0.758750
0.734960
0.709520
0.682525
0.654073
0.624266
0.593210
0.561013
0.527784
0.493638
0.458690
0.423055
0.386853
0.350203
0.313225
0.276039
0.238768
0.201531
0.164449
0.127643
0.091230
0.055328
0.020053
-0.014481
-0.048162
-0.080882
-0.112535
-0.143016
-0.172226
-0.200068
-0.226451
-0.251285
-0.274487
-0.295977
-0.315680
-0.333526
-0.349450
-0.363393
-0.375300
-0.385123
-0.392819
-0.398351
-0.401688
-0.402804
-0.401681
-0.398305
-0.392670
-0.384775
-0.374625
-0.362232
-0.347615
-0.330796
-0.311807
-0.290682
-0.267464
-0.242201
-0.214945
-0.185756
-0.154699
-0.121842
-0.087260
-0.051034
-0.013247
0.026013
0.066651
0.108571
0.151672
0.195850
0.240997
0.287002
0.333751
0.381129
0.429017
0.477296
0.525843
0.574536
0.623251
0.671864
0.720248
0.768280
0.815835
0.862788
0.909016
0.954398
0.998812
1.042140
1.084265
1.125074
1.164454
1.202297
1.238497
1.272953
1.305566
1.336243
1.364894
1.391433
1.415779
1.437857
1.457597
1.474931
1.489802
1.502154
1.511938
1.519112
1.523638
1.525487
1.524633
1.521057
1.514748
1.505700
1.493913
1.479393
1.462154
1.442215
1.419601
1.394345
1.366483
1.336061
1.303126
1.267736
1.229951
1.189838
1.147468
1.102920
1.056275
1.007621
0.957048
0.904653
0.850537
0.794802
0.737557
0.678913
0.618984
0.557886
0.495740
0.432666
0.368789
0.304234
0.239128
0.173598
0.107773
0.041782
-0.024246
-0.090183
-0.155900
-0.221269
-0.286164
-0.350461
-0.414037
-0.476769
-0.538540
-0.599234
-0.658736
-0.716938
-0.773732
-0.829017
-0.882692
-0.934663
-0.984840
-1.033137
-1.079474
-1.123774
-1.165966
-1.205987
-1.243776
-1.279278
-1.312446
-1.343238
-1.371617
-1.397552
-1.421020
-1.442002
-1.460488
-1.476471
-1.489952
-1.500938
-1.509443
-1.515486
-1.519093
-1.520294
-1.519128
-1.515637
-1.509871
-1.501885
-1.491738
-1.479496
-1.465230
-1.449014
-1.430929
-1.411059
-1.389493
-1.366325
-1.341651
-1.315572
-1.288191
-1.259614
-1.229952
-1.199316
-1.167820
-1.135580
-1.102715
-1.069342
-1.035582
-1.001556
-0.967383
-0.933186
-0.899084
-0.865199
-0.831649
-0.798552
-0.766025
-0.734183
-0.703138
-0.673001
-0.643879
-0.615878
-0.589099
-0.563639
-0.539594
-0.517053
-0.496103
-0.476826
-0.459298
-0.443593
-0.429777
-0.417912
-0.408056
-0.400259
-0.394567
-0.391021
-0.389653
-0.390492
-0.393560
-0.398873
-0.406441
-0.416267
-0.428348
-0.442677
-0.459238
-0.478009
-0.498965
-0.522071
-0.547289
-0.574573
-0.603873
-0.635133
-0.668291
-0.703280
-0.740027
-0.778455
-0.818482
-0.860023
-0.902984
-0.947272
-0.992787
-1.039426
-1.087084
-1.135650
-1.185013
-1.235058
-1.285667
-1.336722
-1.388101
-1.439682
-1.491342
-1.542956
-1.594399
-1.645547
-1.696274
-1.746457
-1.795971
-1.844693
-1.892503
-1.939281
-1.984908
-2.029271
-2.072255
-2.113750
-2.153651
-2.191852
-2.228255
-2.262763
-2.295284
-2.325732
-2.354021
-2.380076
-2.403822
-2.425192
-2.444122
-2.460556
-2.474443
-2.485736
-2.494396
-2.500389
-2.503688
-2.504271
-2.502122
-2.497234
-2.489603
-2.479232
-2.466133
-2.450321
-2.431819
-2.410655
-2.386864
-2.360488
-2.331573
-2.300172
-2.266344
-2.230152
-2.191666
-2.150961
-2.108117
-2.063218
-2.016354
-1.967619
-1.917111
-1.864932
-1.811188
-1.755988
-1.699445
-1.641675
-1.582797
-1.522929
-1.462197
-1.400723
-1.338635
-1.276059
-1.213124
-1.149958
-1.086690
-1.023450
-0.960365
-0.897565
-0.835175
-0.773321
-0.712127
-0.651716
-0.592207
-0.533717
-0.476361
-0.420252
-0.365496
-0.312198
-0.260460
-0.210379
-0.162046
-0.115549
-0.070972
-0.028393
0.012116
0.050485
0.086654
0.120564
0.152166
0.181414
0.208268
0.232696
0.254671
0.274171
0.291182
0.305696
0.317710
0.327228
0.334261
0.338825
0.340943
0.340644
0.337961
0.332937
0.325616
0.316051
0.304300
0.290425
0.274494
0.256581
0.236764
0.215124
0.191749
0.166730
0.140162
0.112143
0.082776
0.052166
0.020421
-0.012348
-0.046027
-0.080503
-0.115658
-0.151373
-0.187529
-0.224006
-0.260683
-0.297439
-0.334153
-0.370705
-0.406975
-0.442844
-0.478195
-0.512913
-0.546882
-0.579993
-0.612136
-0.643205
-0.673096
-0.701710
-0.728951
-0.754727
-0.778948
-0.801532
-0.822398
-0.841473
-0.858687
-0.873974
-0.887275
-0.898538
-0.907712
-0.914757
-0.919634
-0.922313
-0.922769
-0.920984
-0.916944
-0.910643
-0.902081
-0.891263
-0.878201
-0.862915
-0.845426
-0.825767
-0.803974
-0.780087
-0.754157
-0.726235
-0.696382
-0.664661
-0.631143
-0.595903
-0.559020
-0.520579
-0.480668
-0.439382
-0.396817
-0.353074
-0.308259
-0.262478
-0.215843
-0.168467
-0.120467
-0.071960
-0.023067
0.026090
0.075388
0.124704
0.173913
0.222889
0.271509
0.319647
0.367179
0.413982
0.459934
0.504914
0.548804
0.591487
0.632850
0.672780
0.711169
0.747913
0.782909
0.816059
0.847270
0.876452
0.903519
0.928392
0.950995
0.971257
0.989113
1.004503
1.017373
1.027675
1.035367
1.040410
1.042776
1.042440
1.039382
1.033592
1.025064
1.013799
0.999803
0.983089
0.963678
0.941596
0.916873
0.889548
0.859666
0.827276
0.792434
0.755201
0.715645
0.673838
0.629856
0.583784
0.535707
0.485718
0.433912
0.380391
0.325258
0.268621
0.210591
0.151283
0.090813
0.029301
-0.033130
-0.096358
-0.160257
-0.224700
-0.289559
-0.354706
-0.420012
-0.485348
-0.550585
-0.615595
-0.680250
-0.744424
-0.807993
-0.870833
-0.932824
-0.993846
-1.053784
-1.112525
-1.169959
-1.225979
-1.280483
-1.333372
-1.384552
-1.433932
-1.481427
-1.526957
-1.570445
-1.611822
-1.651023
-1.687988
-1.722663
-1.755000
-1.784958
-1.812500
-1.837596
-1.860222
-1.880362
-1.898002
-1.913139
-1.925773
-1.935912
-1.943568
-1.948763
-1.951521
-1.951874
-1.949861
-1.945524
-1.938913
-1.930083
-1.919095
-1.906013
-1.890908
-1.873857
-1.854940
-1.834240
-1.811848
-1.787857
-1.762363
-1.735467
-1.707273
-1.677888
-1.647421
-1.615984
-1.583692
-1.550660
-1.517007
-1.482851
-1.448312
-1.413511
-1.378568
-1.343606
-1.308743
-1.274101
-1.239799
-1.205954
-1.172683
-1.140102
-1.108321
-1.077453
-1.047604
-1.018879
-0.991379
-0.965202
-0.940443
-0.917191
-0.895533
-0.875551
-0.857320
-0.840913
-0.826398
-0.813836
-0.803284
-0.794792
-0.788406
-0.784166
-0.782105
-0.782252
-0.784627
-0.789246
-0.796119
-0.805250
-0.816635
-0.830265
-0.846125
-0.864194
-0.884444
-0.906843
-0.931349
-0.957920
-0.986502
-1.017041
-1.049473
-1.083731
-1.119744
-1.157433
-1.196716
-1.237507
-1.279714
-1.323241
-1.367990
-1.413857
-1.460737
-1.508519
-1.557091
-1.606339
-1.656145
-1.706389
-1.756952
-1.807709
-1.858538
-1.909315
-1.959914
-2.010211
-2.060081
-2.109399
-2.158041
-2.205886
-2.252811
-2.298698
-2.343428
-2.386886
-2.428960
-2.469540
-2.508519
-2.545793
-2.581262
-2.614832
-2.646409
-2.675908
-2.703245
-2.728341
-2.751125
-2.771529
-2.789489
-2.804950
-2.817860
-2.828174
-2.835852
-2.840861
-2.843173
-2.842767
-2.839629
-2.833750
-2.825127
-2.813764
-2.799672
-2.782867
-2.763372
-2.741216
-2.716434
-2.689068
-2.659165
-2.626777
-2.591963
-2.554789
-2.515323
-2.473640
-2.429821
-2.383951
-2.336119
-2.286419
-2.234950
-2.181814
-2.127117
-2.070969
-2.013483
-1.954773
-1.894960
-1.834163
-1.772505
-1.710111
-1.647108
-1.583622
-1.519782
-1.455717
-1.391555
-1.327425
-1.263456
-1.199777
-1.136512
-1.073790
-1.011732
-0.950461
-0.890097
-0.830757
-0.772556
-0.715605
-0.660011
-0.605881
-0.553313
-0.502405
-0.453250
-0.405933
-0.360540
-0.317147
-0.275827
-0.236649
-0.199673
-0.164957
-0.132551
-0.102501
-0.074844
-0.049615
-0.026839
-0.006538
0.011274
0.026590
0.039406
0.049728
0.057567
0.062938
0.065864
0.066376
0.064507
0.060299
0.053797
0.045055
0.034130
0.021085
0.005989
-0.011086
-0.030060
-0.050853
-0.073375
-0.097537
-0.123242
-0.150393
-0.178886
-0.208616
-0.239476
-0.271354
-0.304136
-0.337709
-0.371953
-0.406753
-0.441987
-0.477535
-0.513278
-0.549093
-0.584859
-0.620458
-0.655768
-0.690671
-0.725050
-0.758789
-0.791774
-0.823895
-0.855043
-0.885110
-0.913995
-0.941597
-0.967821
-0.992575
-1.015770
-1.037323
-1.057154
-1.075190
-1.091360
-1.105601
-1.117853
-1.128063
-1.136182
-1.142168
-1.145985
-1.147602
-1.146995
-1.144144
-1.139038
-1.131671
-1.122041
-1.110156
-1.096027
-1.079673
-1.061118
-1.040394
-1.017536
-0.992587
-0.965595
-0.936615
-0.905705
-0.872930
-0.838361
-0.802073
-0.764145
-0.724662
-0.683714
-0.641394
-0.597799
-0.553031
-0.507194
-0.460396
-0.412749
-0.364366
-0.315363
-0.265860
-0.215975
-0.165831
-0.115550
-0.065258
-0.015078
0.034865
0.084445
0.133538
0.182020
0.229768
0.276660
0.322575
0.367395
0.411003
0.453286
0.494132
0.533433
0.571083
0.606981
0.641031
0.673136
0.703210
0.731165
0.756923
0.780407
0.801548
0.820281
0.836546
0.850289
0.861462
0.870023
0.875936
0.879169
0.879700
0.877509
0.872587
0.864926
0.854528
0.841401
0.825558
0.807019
0.785809
0.761962
0.735515
0.706513
0.675007
0.641051
0.604709
0.566046
0.525136
0.482056
0.436890
0.389723
0.340650
0.289764
0.237169
0.182966
0.127266
0.070178
0.011817
-0.047699
-0.108251
-0.169717
-0.231973
-0.294893
-0.358352
-0.422220
-0.486370
-0.550673
-0.614999
-0.679219
-0.743207
-0.806833
-0.869972
-0.932500
-0.994293
-1.055230
-1.115194
-1.174067
-1.231738
-1.288096
-1.343036
-1.396455
-1.448253
-1.498338
-1.546619
-1.593011
-1.637433
-1.679810
-1.720073
-1.758155
-1.793999
-1.827551
-1.858763
-1.887592
-1.914005
-1.937970
-1.959464
-1.978470
-1.994976
-2.008979
-2.020478
-2.029483
-2.036006
-2.040067
-2.041693
-2.040916
-2.037774
-2.032310
-2.024575
-2.014623
-2.002515
-1.988317
-1.972099
-1.953938
-1.933914
-1.912112
-1.888622
-1.863536
-1.836952
-1.808971
-1.779696
-1.749235
-1.717698
-1.685195
-1.651842
-1.617756
-1.583052
-1.547852
-1.512274
-1.476439
-1.440468
-1.404483
-1.368603
-1.332949
-1.297640
-1.262794
-1.228527
-1.194954
-1.162188
-1.130339
-1.099514
-1.069817
-1.041350
-1.014211
-0.988493
-0.964287
-0.941678
-0.920748
-0.901573
-0.884226
-0.868773
-0.855275
-0.843790
-0.834367
-0.827053
-0.821885
-0.818898
-0.818119
-0.819570
-0.823266
-0.829216
-0.837422
-0.847883
-0.860589
-0.875523
-0.892665
-0.911988
-0.933456
-0.957030
-0.982666
-1.010312
-1.039910
-1.071399
-1.104712
-1.139775
-1.176510
-1.214836
-1.254664
-1.295905
-1.338462
-1.382235
-1.427122
-1.473016
-1.519807
-1.567384
-1.615630
-1.664429
-1.713660
-1.763204
-1.812938
-1.862737
-1.912478
-1.962036
-2.011286
-2.060102
-2.108361
-2.155939
-2.202714
-2.248563
-2.293368
-2.337012
-2.379378
-2.420355
-2.459832
-2.497704
-2.533866
-2.568219
-2.600668
-2.631121
-2.659491
-2.685695
-2.709656
-2.731301
-2.750563
-2.767379
-2.781692
-2.793453
-2.802615
-2.809141
-2.812995
-2.814152
-2.812591
-2.808296
-2.801260
-2.791480
-2.778961
-2.763714
-2.745755
-2.725107
-2.701800
-2.675869
-2.647355
-2.616307
-2.582777
-2.546824
-2.508514
-2.467915
-2.425104
-2.380160
-2.333170
-2.284221
-2.233410
-2.180835
-2.126597
-2.070804
-2.013565
-1.954993
-1.895204
-1.834316
-1.772450
-1.709730
-1.646280
-1.582226
-1.517696
-1.452818
-1.387721
-1.322533
-1.257384
-1.192402
-1.127715
-1.063450
-0.999731
-0.936684
-0.874430
-0.813089
-0.752777
-0.693609
-0.635696
-0.579147
-0.524065
-0.470551
-0.418702
-0.368609
-0.320359
-0.274037
-0.229718
-0.187477
-0.147380
-0.109488
-0.073859
-0.040543
-0.009585
0.018978
0.045112
0.068791
0.089994
0.108708
0.124925
0.138642
0.149865
0.158604
0.164877
0.168707
0.170122
0.169159
0.165858
0.160266
0.152435
0.142424
0.130296
0.116119
0.099968
0.081919
0.062057
0.040469
0.017245
-0.007518
-0.033722
-0.061264
-0.090039
-0.119938
-0.150851
-0.182663
-0.215260
-0.248524
-0.282337
-0.316581
-0.351133
-0.385874
-0.420682
-0.455436
-0.490017
-0.524305
-0.558180
-0.591527
-0.624228
-0.656171
-0.687245
-0.717340
-0.746351
-0.774175
-0.800713
-0.825868
-0.849549
-0.871668
-0.892141
-0.910890
-0.927840
-0.942922
-0.956072
-0.967231
-0.976345
-0.983368
-0.988256
-0.990974
-0.991491
-0.989783
-0.985831
-0.979624
-0.971156
-0.960426
-0.947442
-0.932215
-0.914765
-0.895115
-0.873298
-0.849350
-0.823313
-0.795236
-0.765174
-0.733185
-0.699336
-0.663696
-0.626340
-0.587350
-0.546809
-0.504808
-0.461439
-0.416801
-0.370995
-0.324126
-0.276301
-0.227633
-0.178235
-0.128223
-0.077716
-0.026834
0.024301
0.075566
0.126836
0.177988
0.228896
0.279436
0.329482
0.378911
0.427599
0.475424
0.522268
0.568009
0.612534
0.655727
0.697477
0.737677
0.776221
0.813008
0.847940
0.880925
0.911872
0.940697
0.967320
0.991666
1.013665
1.033252
1.050367
1.064959
1.076977
1.086381
1.093134
1.097206
1.098574
1.097220
1.093132
1.086306
1.076742
1.064449
1.049439
1.031734
1.011360
0.988349
0.962740
0.934577
0.903911
0.870798
0.835301
0.797486
0.757427
0.715201
0.670892
0.624586
0.576377
0.526360
0.474637
0.421312
0.366492
0.310290
0.252820
0.194199
0.134548
0.073987
0.012641
-0.049363
-0.111901
-0.174843
-0.238062
-0.301427
-0.364811
-0.428084
-0.491119
-0.553787
-0.615964
-0.677523
-0.738343
-0.798303
-0.857284
-0.915170
-0.971849
-1.027211
-1.081151
-1.133565
-1.184356
-1.233430
-1.280696
-1.326070
-1.369471
-1.410825
-1.450062
-1.487117
-1.521931
-1.554452
-1.584631
-1.612427
-1.637805
-1.660735
-1.681194
-1.699165
-1.714637
-1.727606
-1.738073
-1.746046
-1.751539
-1.754573
-1.755173
-1.753372
-1.749209
-1.742728
-1.733978
-1.723015
-1.709900
-1.694698
-1.677482
-1.658326
-1.637312
-1.614525
-1.590055
-1.563995
-1.536442
-1.507497
-1.477265
-1.445852
-1.413369
-1.379926
-1.345640
-1.310626
-1.275002
-1.238887
-1.202401
-1.165664
-1.128799
-1.091925
-1.055163
-1.018633
-0.982455
-0.946746
-0.911623
-0.877200
-0.843589
-0.810901
-0.779243
-0.748720
-0.719431
-0.691476
-0.664947
-0.639935
-0.616525
-0.594798
-0.574831
-0.556696
-0.540459
-0.526181
-0.513919
-0.503722
-0.495636
-0.489700
-0.485947
-0.484404
-0.485093
-0.488028
-0.493218
-0.500666
-0.510369
-0.522316
-0.536493
-0.552878
-0.571441
-0.592150
-0.614965
-0.639839
-0.666722
-0.695555
-0.726278
-0.758821
-0.793112
-0.829073
-0.866621
-0.905669
-0.946126
-0.987895
-1.030877
-1.074968
-1.120063
-1.166051
-1.212819
-1.260253
-1.308235
-1.356646
-1.405363
-1.454266
-1.503230
-1.552130
-1.600843
-1.649243
-1.697204
-1.744604
-1.791317
-1.837223
-1.882199
-1.926126
-1.968887
-2.010366
-2.050452
-2.089035
-2.126008
-2.161267
-2.194715
-2.226254
-2.255795
-2.283250
-2.308536
-2.331576
-2.352299
-2.370636
-2.386525
-2.399912
-2.410743
-2.418976
-2.424571
-2.427495
-2.427721
-2.425229
-2.420004
-2.412039
-2.401332
-2.387886
-2.371714
-2.352832
-2.331264
-2.307039
-2.280193
-2.250768
-2.218811
-2.184376
-2.147523
-2.108316
-2.066826
-2.023128
-1.977302
-1.929434
-1.879615
-1.827938
-1.774502
-1.719410
-1.662769
-1.604688
-1.545281
-1.484663
-1.422954
-1.360273
-1.296745
-1.232494
-1.167646
-1.102329
-1.036671
-0.970801
-0.904848
-0.838940
-0.773207
-0.707776
-0.642773
-0.578325
-0.514554
-0.451584
-0.389532
-0.328517
-0.268652
-0.210049
-0.152816
-0.097055
-0.042869
0.009648
0.060403
0.109309
0.156283
0.201249
0.244133
0.284868
0.323394
0.359654
0.393597
0.425180
0.454364
0.481117
0.505413
0.527230
0.546557
0.563385
0.577712
0.589545
0.598893
0.605774
0.610213
0.612237
0.611883
0.609192
0.604211
0.596993
0.587596
0.576084
0.562526
0.546995
0.529569
0.510333
0.489373
0.466781
0.442653
0.417087
0.390187
0.362058
0.332809
0.302550
0.271395
0.239460
0.206862
0.173719
0.140150
0.106277
0.072220
0.038099
0.004037
-0.029848
-0.063435
-0.096605
-0.129243
-0.161231
-0.192458
-0.222810
-0.252181
-0.280464
-0.307557
-0.333360
-0.357777
-0.380717
-0.402093
-0.421820
-0.439821
-0.456021
-0.470351
-0.482748
-0.493152
-0.501511
-0.507777
-0.511908
-0.513868
-0.513628
-0.511163
-0.506456
-0.499494
-0.490271
-0.478789
-0.465054
-0.449078
-0.430881
-0.410488
-0.387930
-0.363244
-0.336473
-0.307666
-0.276878
-0.244167
-0.209600
-0.173247
-0.135184
-0.095491
-0.054253
-0.011560
0.032494
0.077812
0.124292
0.171829
0.220314
0.269636
0.319682
0.370334
0.421474
0.472983
0.524737
0.576614
0.628490
0.680240
0.731739
0.782862
0.833484
0.883482
0.932732
0.981113
1.028504
1.074787
1.119846
1.163567
1.205838
1.246553
1.285606
1.322895
1.358325
1.391800
1.423233
1.452538
1.479637
1.504453
1.526918
1.546967
1.564540
1.579585
1.592054
1.601905
1.609102
1.613616
1.615423
1.614506
1.610853
1.604460
1.595329
1.583467
1.568889
1.551614
1.531670
1.509090
1.483912
1.456181
1.425948
1.393270
1.358208
1.320831
1.281212
1.239428
1.195563
1.149705
1.101945
1.052382
1.001115
0.948250
0.893894
0.838160
0.781161
0.723016
0.663844
0.603768
0.542910
0.481398
0.419358
0.356917
0.294205
0.231350
0.168481
0.105728
0.043217
-0.018923
-0.080566
-0.141588
-0.201867
-0.261281
-0.319713
-0.377046
-0.433168
-0.487970
-0.541346
-0.593193
-0.643414
-0.691915
-0.738606
-0.783403
-0.826224
-0.866997
-0.905651
-0.942121
-0.976350
-1.008284
-1.037876
-1.065085
-1.089876
-1.112220
-1.132092
-1.149478
-1.164366
-1.176752
-1.186638
-1.194032
-1.198949
-1.201408
-1.201438
-1.199069
-1.194342
-1.187300
-1.177994
-1.166478
-1.152815
-1.137070
-1.119316
-1.099627
-1.078086
-1.054777
-1.029791
-1.003221
-0.975164
-0.945722
-0.914999
-0.883101
-0.850140
-0.816227
-0.781477
-0.746006
-0.709932
-0.673374
-0.636453
-0.599288
-0.562001
-0.524713
-0.487545
-0.450615
-0.414045
-0.377950
-0.342449
-0.307654
-0.273679
-0.240633
-0.208623
-0.177754
-0.148126
-0.119838
-0.092982
-0.067648
-0.043922
-0.021885
-0.001612
0.016824
0.033358
0.047928
0.060479
0.070959
0.079326
0.085539
0.089567
0.091381
0.090962
0.088294
0.083369
0.076185
0.066745
0.055058
0.041142
0.025018
0.006714
-0.013735
-0.036289
-0.060902
-0.087522
-0.116093
-0.146550
-0.178827
-0.212850
-0.248540
-0.285816
-0.324588
-0.364767
-0.406255
-0.448952
-0.492757
-0.537560
-0.583254
-0.629724
-0.676856
-0.724532
-0.772633
-0.821037
-0.869622
-0.918263
-0.966838
-1.015220
-1.063285
-1.110908
-1.157964
-1.204331
-1.249885
-1.294506
-1.338074
-1.380472
-1.421586
-1.461302
-1.499511
-1.536107
-1.570987
-1.604052
-1.635207
-1.664360
-1.691424
-1.716319
-1.738965
-1.759292
-1.777232
-1.792724
-1.805712
-1.816144
-1.823977
-1.829172
-1.831697
-1.831524
-1.828634
-1.823013
-1.814652
-1.803551
-1.789714
-1.773153
-1.753884
-1.731932
-1.707326
-1.680103
-1.650305
-1.617979
-1.583179
-1.545966
-1.506403
-1.464562
-1.420519
-1.374353
-1.326151
-1.276004
-1.224005
-1.170254
-1.114853
-1.057910
-0.999534
-0.939839
-0.878940
-0.816956
-0.754009
-0.690222
-0.625719
-0.560627
-0.495074
-0.429188
-0.363096
-0.296930
-0.230817
-0.164886
-0.099264
-0.034079
0.030545
0.094483
0.157614
0.219819
0.280980
0.340985
0.399720
0.457080
0.512960
0.567260
0.619883
0.670740
0.719741
0.766806
0.811857
0.854821
0.895632
0.934229
0.970555
1.004562
1.036204
1.065444
1.092250
1.116596
1.138462
1.157834
1.174705
1.189075
1.200948
1.210336
1.217257
1.221733
1.223796
1.223480
1.220828
1.215887
1.208709
1.199354
1.187885
1.174371
1.158886
1.141509
1.122324
1.101417
1.078881
1.054811
1.029307
1.002472
0.974411
0.945233
0.915050
0.883974
0.852121
0.819609
0.786556
0.753081
0.719306
0.685350
0.651336
0.617382
0.583611
0.550142
0.517092
0.484580
0.452720
0.421626
0.391408
0.362176
0.334035
0.307087
0.281432
0.257164
0.234377
0.213156
0.193586
0.175744
0.159705
0.145536
0.133303
0.123063
0.114868
0.108767
0.104801
0.103005
0.103410
0.106038
0.110909
0.118032
0.127414
0.139054
0.152945
0.169074
0.187421
0.207961
0.230663
0.255490
0.282397
0.311337
0.342253
0.375087
0.409773
0.446239
0.484411
0.524206
0.565541
0.608324
0.652463
0.697859
0.744411
0.792012
0.840555
0.889929
0.940018
0.990708
1.041878
1.093408
1.145177
1.197062
1.248937
1.300679
1.352163
1.403263
1.453855
1.503815
1.553020
1.601348
1.648679
1.694895
1.739880
1.783520
1.825703
1.866323
1.905275
1.942457
1.977773
2.011129
2.042436
2.071611
2.098573
2.123249
2.145567
2.165465
2.182884
2.197770
2.210076
2.219760
2.226788
2.231129
2.232761
2.231666
2.227834
2.221260
2.211946
2.199900
2.185136
2.167676
2.147546
2.124780
2.099416
2.071500
2.041082
2.008221
1.972977
1.935420
1.895621
1.853661
1.809622
1.763592
1.715663
1.665934
1.614504
1.561479
1.506966
1.451079
1.393931
1.335641
1.276327
1.216113
1.155123
1.093481
1.031316
0.968755
0.905926
0.842959
0.779983
0.717126
0.654516
0.592281
0.530547
0.469437
0.409076
0.349583
0.291076
0.233671
0.177481
0.122614
0.069176
0.017270
-0.033007
-0.081561
-0.128304
-0.173149
-0.216018
-0.256836
-0.295534
-0.332047
-0.366318
-0.398293
-0.427927
-0.455177
-0.480008
-0.502393
-0.522309
-0.539738
-0.554671
-0.567103
-0.577038
-0.584482
-0.589452
-0.591968
-0.592056
-0.589750
-0.585089
-0.578117
-0.568884
-0.557447
-0.543867
-0.528211
-0.510549
-0.490959
-0.469522
-0.446324
-0.421453
-0.395005
-0.367077
-0.337769
-0.307187
-0.275438
-0.242632
-0.208881
-0.174300
-0.139005
-0.103115
-0.066748
-0.030024
0.006935
0.044010
0.081078
0.118019
0.154714
0.191043
0.226889
0.262134
0.296666
0.330372
0.363142
0.394868
0.425448
0.454780
0.482767
0.509315
0.534335
0.557742
0.579455
0.599398
0.617501
0.633695
0.647922
0.660125
0.670254
0.678266
0.684121
0.687787
0.689238
0.688452
0.685416
0.680120
0.672563
0.662749
0.650688
0.636396
0.619896
0.601217
0.580392
0.557462
0.532474
0.505479
0.476536
0.445707
0.413060
0.378670
0.342613
0.304974
0.265840
0.225304
0.183460
0.140410
0.096257
0.051108
0.005072
-0.041737
-0.089203
-0.137210
-0.185638
-0.234364
-0.283268
-0.332224
-0.381109
-0.429797
-0.478164
-0.526084
-0.573434
-0.620091
-0.665930
-0.710833
-0.754678
-0.797351
-0.838734
-0.878717
-0.917189
-0.954045
-0.989182
-1.022501
-1.053907
-1.083309
-1.110620
-1.135758
-1.158648
-1.179215
-1.197395
-1.213125
-1.226350
-1.237019
-1.245089
-1.250521
-1.253282
-1.253347
-1.250695
-1.245313
-1.237193
-1.226334
-1.212741
-1.196426
-1.177407
-1.155707
-1.131356
-1.104392
-1.074855
-1.042796
-1.008267
-0.971328
-0.932045
-0.890489
-0.846735
-0.800865
-0.752965
-0.703124
-0.651438
-0.598007
-0.542932
-0.486321
-0.428285
-0.368935
-0.308390
-0.246767
-0.184188
-0.120775
-0.056655
0.008047
0.073202
0.138684
0.204362
0.270108
0.335794
0.401290
0.466468
0.531203
0.595369
0.658842
0.721502
0.783227
0.843903
0.903414
0.961650
1.018504
1.073871
1.127653
1.179752
1.230078
1.278544
1.325068
1.369573
1.411987
1.452243
1.490280
1.526043
1.559483
1.590555
1.619221
1.645450
1.669217
1.690501
1.709290
1.725576
1.739359
1.750645
1.759444
1.765775
1.769662
1.771136
1.770231
1.766990
1.761461
1.753697
1.743756
1.731704
1.717608
1.701543
1.683589
1.663828
1.642349
1.619243
1.594607
1.568540
1.541145
1.512528
1.482797
1.452064
1.420443
1.388049
1.355000
1.321413
1.287410
1.253109
1.218633
1.184102
1.149636
1.115356
1.081382
1.047833
1.014824
0.982471
0.950888
0.920185
0.890471
0.861852
0.834429
0.808302
0.783565
0.760311
0.738627
0.718595
0.700293
0.683796
0.669172
0.656484
0.645790
0.637143
0.630590
0.626172
0.623924
0.623877
0.626053
0.630470
0.637139
0.646066
0.657249
0.670681
0.686348
0.704231
0.724305
0.746538
0.770891
0.797322
0.825781
0.856214
0.888559
0.922751
0.958719
0.996387
1.035674
1.076495
1.118759
1.162372
1.207236
1.253250
1.300307
1.348299
1.397115
1.446640
1.496758
1.547350
1.598295
1.649472
1.700757
1.752025
1.803154
1.854016
1.904488
1.954444
2.003762
2.052317
2.099988
2.146656
2.192201
2.236509
2.279465
2.320958
2.360881
2.399130
2.435604
2.470205
2.502841
2.533423
2.561867
2.588093
2.612028
2.633602
2.652751
2.669416
2.683546
2.695091
2.704013
2.710274
2.713847
2.714708
2.712840
2.708233
2.700883
2.690792
2.677968
2.662426
2.644187
2.623279
2.599734
2.573593
2.544900
2.513708
2.480072
2.444056
2.405729
2.365163
2.322437
2.277634
2.230844
2.182159
2.131676
2.079496
2.025725
1.970470
1.913845
1.855963
1.796942
1.736903
1.675967
1.614260
1.551906
1.489034
1.425770
1.362243
1.298583
1.234918
1.171377
1.108088
1.045178
0.982774
0.920999
0.859977
0.799827
0.740667
0.682614
0.625779
0.570271
0.516196
0.463656
0.412748
0.363566
0.316199
0.270731
0.227242
0.185806
0.146492
0.109365
0.074481
0.041893
0.011649
-0.016212
-0.041654
-0.064649
-0.085175
-0.103216
-0.118761
-0.131806
-0.142356
-0.150417
-0.156005
-0.159142
-0.159854
-0.158174
-0.154143
-0.147804
-0.139208
-0.128412
-0.115476
-0.100469
-0.083461
-0.064530
-0.043757
-0.021227
0.002969
0.028737
0.055979
0.084595
0.114478
0.145523
0.177619
0.210653
0.244510
0.279075
0.314228
0.349852
0.385825
0.422027
0.458337
0.494635
0.530799
0.566709
0.602247
0.637295
0.671737
0.705459
0.738348
0.770295
0.801192
0.830937
0.859428
0.886569
0.912266
0.936429
0.958975
0.979822
0.998894
1.016121
1.031436
1.044780
1.056096
1.065336
1.072454
1.077414
1.080182
1.080732
1.079044
1.075104
1.068903
1.060440
1.049719
1.036750
1.021551
1.004144
0.984557
0.962826
0.938990
0.913098
0.885201
0.855357
0.823629
0.790085
0.754801
0.717853
0.679325
0.639306
0.597888
0.555166
0.511241
0.466217
0.420200
0.373302
0.325635
0.277314
0.228458
0.179186
0.129619
0.079880
0.030093
-0.019618
-0.069127
-0.118310
-0.167042
-0.215199
-0.262657
-0.309294
-0.354990
-0.399624
-0.443080
-0.485243
-0.526001
-0.565244
-0.602868
-0.638769
-0.672848
-0.705011
-0.735166
-0.763228
-0.789114
-0.812749
-0.834060
-0.852981
-0.869450
-0.883413
-0.894819
-0.903625
-0.909792
-0.913287
-0.914087
-0.912170
-0.907523
-0.900139
-0.890017
-0.877162
-0.861587
-0.843309
-0.822353
-0.798749
-0.772534
-0.743750
-0.712446
-0.678676
-0.642500
-0.603984
-0.563199
-0.520222
-0.475132
-0.428018
-0.378968
-0.328079
-0.275449
-0.221182
-0.165385
-0.108168
-0.049645
0.010068
0.070852
0.132586
0.195146
0.258407
0.322243
0.386527
0.451129
0.515921
0.580774
0.645560
0.710149
0.774414
0.838229
0.901468
0.964008
1.025727
1.086507
1.146230
1.204782
1.262054
1.317938
1.372329
1.425130
1.476243
1.525578
1.573048
1.618572
1.662072
1.703477
1.742720
1.779741
1.814485
1.846903
1.876949
1.904589
1.929788
1.952524
1.972775
1.990530
2.005781
2.018528
2.028778
2.036541
2.041836
2.044688
2.045127
2.043188
2.038915
2.032356
2.023563
2.012595
1.999518
1.984401
1.967317
1.948347
1.927574
1.905086
1.880975
1.855337
1.828272
1.799883
1.770277
1.739561
1.707848
1.675252
1.641887
1.607872
1.573324
1.538364
1.503112
1.467689
1.432216
1.396814
1.361602
1.326702
1.292230
1.258303
1.225038
1.192547
1.160940
1.130327
1.100812
1.072498
1.045483
1.019863
0.995729
0.973167
0.952261
0.933089
0.915724
0.900233
0.886682
0.875126
0.865619
0.858207
0.852931
0.849827
0.848924
0.850244
0.853806
0.859619
0.867689
0.878015
0.890588
0.905396
0.922418
0.941628
0.962995
0.986480
1.012041
1.039626
1.069181
1.100646
1.133953
1.169033
1.205808
1.244198
1.284117
1.325474
1.368175
1.412122
1.457213
1.503342
1.550401
1.598277
1.646857
1.696024
1.745658
1.795639
1.845846
1.896154
1.946441
1.996580
2.046447
2.095917
2.144865
2.193168
2.240703
2.287348
2.332983
2.377489
2.420752
2.462658
2.503095
2.541957
2.579139
2.614541
2.648066
2.679620
2.709116
2.736470
2.761602
2.784439
2.804912
2.822956
2.838513
2.851532
2.861964
2.869770
2.874914
2.877368
2.877108
2.874119
2.868389
2.859916
2.848702
2.834755
2.818091
2.798730
2.776701
2.752037
2.724778
2.694969
2.662662
2.627915
2.590790
2.551356
2.509687
2.465862
2.419963
2.372081
2.322308
2.270741
2.217482
2.162635
2.106310
2.048619
1.989677
1.929601
1.868512
1.806533
1.743786
1.680399
1.616499
1.552212
1.487669
1.422998
1.358328
1.293787
1.229504
1.165606
1.102219
1.039466
0.977471
0.916354
0.856233
0.797223
0.739435
0.682980
0.627962
0.574483
0.522641
0.472528
0.424234
0.377843
0.333434
0.291081
0.250853
0.212814
0.177020
0.143525
0.112375
0.083611
0.057265
0.033368
0.011940
-0.007001
-0.023447
-0.037395
-0.048846
-0.057810
-0.064302
-0.068344
-0.069963
-0.069192
-0.066071
-0.060646
-0.052966
-0.043089
-0.031077
-0.016995
-0.000917
0.017080
0.036916
0.058504
0.081753
0.106570
0.132856
0.160510
0.189428
0.219501
0.250620
0.282672
0.315541
0.349112
0.383266
0.417884
0.452846
0.488032
0.523319
0.558588
0.593718
0.628589
0.663081
0.697078
0.730464
0.763123
0.794944
0.825819
0.855639
0.884301
0.911705
0.937754
0.962354
0.985417
1.006858
1.026596
1.044557
1.060669
1.074866
1.087088
1.097281
1.105395
1.111386
1.115216
1.116852
1.116270
1.113449
1.108375
1.101040
1.091443
1.079588
1.065487
1.049155
1.030616
1.009899
0.987040
0.962079
0.935062
0.906044
0.875081
0.842237
0.807581
0.771188
0.733134
0.693506
0.652389
0.609878
0.566068
0.521060
0.474957
0.427867
0.379901
0.331170
0.281792
0.231883
0.181565
0.130957
0.080183
0.029367
-0.021368
-0.071895
-0.122090
-0.171828
-0.220985
-0.269438
-0.317064
-0.363743
-0.409354
-0.453783
-0.496913
-0.538633
-0.578833
-0.617409
-0.654257
-0.689279
-0.722380
-0.753469
-0.782461
-0.809274
-0.833832
-0.856063
-0.875900
-0.893284
-0.908158
-0.920473
-0.930186
-0.937258
-0.941658
-0.943360
-0.942345
-0.938599
-0.932117
-0.922896
-0.910943
-0.896270
-0.878896
-0.858844
-0.836145
-0.810837
-0.782963
-0.752570
-0.719715
-0.684456
-0.646861
-0.606999
-0.564949
-0.520790
-0.474610
-0.426500
-0.376554
-0.324872
-0.271558
-0.216719
-0.160465
-0.102909
-0.044169
0.015636
0.076385
0.137956
0.200221
0.263056
0.326332
0.389921
0.453695
0.517523
0.581278
0.644831
0.708055
0.770822
0.833008
0.894489
0.955144
1.014854
1.073502
1.130976
1.187163
1.241957
1.295256
1.346958
1.396969
1.445198
1.491559
1.535969
1.578353
1.618638
1.656760
1.692656
1.726274
1.757562
1.786479
1.812986
1.837054
1.858655
1.877773
1.894393
1.908511
1.920125
1.929241
1.935872
1.940037
1.941760
1.941071
1.938008
1.932613
1.924933
1.915023
1.902942
1.888754
1.872530
1.854344
1.834274
1.812407
1.788828
1.763632
1.736914
1.708774
1.679315
1.648644
1.616869
1.584103
1.550458
1.516051
1.480999
1.445421
1.409437
1.373166
1.336731
1.300251
1.263848
1.227642
1.191753
1.156298
1.121394
1.087158
1.053700
1.021134
0.989565
0.959101
0.929842
0.901887
0.875332
0.850268
0.826780
0.804952
0.784862
0.766582
0.750181
0.735721
0.723261
0.712852
0.704541
0.698368
0.694368
0.692571
0.692999
0.695669
0.700592
0.707772
0.717208
0.728892
0.742809
0.758940
0.777259
0.797733
0.820324
0.844988
0.871676
0.900331
0.930893
0.963295
0.997466
1.033330
1.070805
1.109805
1.150239
1.192014
1.235031
1.279187
1.324377
1.370491
1.417419
1.465045
1.513252
1.561923
1.610936
1.660168
1.709497
1.758799
1.807948
1.856820
1.905289
1.953232
2.000524
2.047043
2.092666
2.137275
2.180751
2.222978
2.263842
2.303235
2.341048
2.377176
2.411520
2.443983
2.474473
2.502900
2.529182
2.553240
2.574999
2.594391
2.611353
2.625826
2.637759
2.647104
2.653821
2.657876
2.659239
2.657889
2.653809
2.646990
2.637428
2.625125
2.610091
2.592340
2.571896
2.548784
2.523040
2.494704
2.463821
2.430443
2.394628
2.356439
2.315946
2.273221
2.228344
2.181399
2.132475
2.081665
2.029067
1.974782
1.918915
1.861576
1.802877
1.742932
1.681861
1.619782
1.556819
1.493096
1.428739
1.363874
1.298631
1.233138
1.167523
1.101916
1.036446
0.971239
0.906424
0.842127
0.778470
0.715578
0.653570
0.592563
0.532674
0.474014
0.416691
0.360811
0.306476
0.253782
0.202823
0.153688
0.106460
0.061218
0.018036
-0.023017
-0.061877
-0.098489
-0.132798
-0.164760
-0.194335
-0.221487
-0.246190
-0.268422
-0.288166
-0.305413
-0.320161
-0.332412
-0.342176
-0.349468
-0.354310
-0.356730
-0.356761
-0.354443
-0.349822
-0.342949
-0.333880
-0.322677
-0.309409
-0.294146
-0.276967
-0.257952
-0.237189
-0.214768
-0.190783
-0.165332
-0.138517
-0.110443
-0.081218
-0.050952
-0.019757
0.012251
0.044956
0.078240
0.111983
0.146065
0.180365
0.214763
0.249138
0.283369
0.317335
0.350920
0.384004
0.416471
0.448209
0.479104
0.509048
0.537934
0.565658
0.592120
0.617223
0.640874
0.662986
0.683472
0.702252
0.719253
0.734402
0.747635
0.758891
0.768116
0.775261
0.780282
0.783141
0.783807
0.782254
0.778462
0.772417
0.764112
0.753546
0.740724
0.725656
0.708360
0.688859
0.667183
0.643367
0.617452
0.589485
0.559520
0.527613
0.493831
0.458240
0.420916
0.381937
0.341388
0.299356
0.255935
0.211221
0.165314
0.118318
0.070342
0.021494
-0.028110
-0.078356
-0.129126
-0.180299
-0.231755
-0.283370
-0.335021
-0.386583
-0.437930
-0.488939
-0.539485
-0.589442
-0.638689
-0.687101
-0.734560
-0.780946
-0.826141
-0.870032
-0.912507
-0.953457
-0.992775
-1.030360
-1.066114
-1.099941
-1.131752
-1.161460
-1.188984
-1.214249
-1.237182
-1.257719
-1.275797
-1.291363
-1.304366
-1.314764
-1.322519
-1.327599
-1.329979
-1.329640
-1.326570
-1.320760
-1.312212
-1.300931
-1.286930
-1.270226
-1.250846
-1.228820
-1.204185
-1.176984
-1.147267
-1.115088
-1.080508
-1.043593
-1.004415
-0.963050
-0.919580
-0.874092
-0.826676
-0.777428
-0.726448
-0.673840
-0.619710
-0.564169
-0.507332
-0.449314
-0.390235
-0.330217
-0.269383
-0.207858
-0.145768
-0.083243
-0.020408
0.042605
0.105669
0.168654
0.231433
0.293877
0.355860
0.417257
0.477946
0.537803
0.596712
0.654554
0.711217
0.766590
0.820567
0.873044
0.923922
0.973105
1.020504
1.066031
1.109605
1.151151
1.190596
1.227876
1.262929
1.295702
1.326145
1.354215
1.379876
1.403097
1.423852
1.442124
1.457899
1.471172
1.481943
1.490218
1.496011
1.499339
1.500227
1.498707
1.494815
1.488594
1.480093
1.469365
1.456470
1.441473
1.424444
1.405458
1.384594
1.361937
1.337575
1.311600
1.284110
1.255203
1.224984
1.193559
1.161036
1.127528
1.093149
1.058014
1.022241
0.985949
0.949257
0.912286
0.875157
0.837991
0.800908
0.764029
0.727473
0.691359
0.655803
0.620920
0.586824
0.553624
0.521428
0.490343
0.460469
0.431906
0.404747
0.379085
0.355004
0.332589
0.311916
0.293058
0.276083
0.261054
0.248027
0.237056
0.228186
0.221457
0.216904
0.214557
0.214436
0.216560
0.220938
0.227575
0.236469
0.247611
0.260988
0.276579
0.294357
0.314290
0.336340
0.360462
0.386606
0.414716
0.444732
0.476586
0.510207
0.545518
0.582437
0.620879
0.660753
0.701964
0.744413
0.787999
0.832614
0.878150
0.924496
0.971535
1.019153
1.067229
1.115643
1.164272
1.212994
1.261684
1.310217
1.358468
1.406312
1.453625
1.500283
1.546164
1.591145
1.635107
1.677932
1.719504
1.759711
1.798441
1.835588
1.871048
1.904720
1.936508
1.966320
1.994067
2.019666
2.043038
2.064111
2.082815
2.099086
2.112869
2.124109
2.132762
2.138786
2.142148
2.142819
2.140777
2.136006
2.128496
2.118245
2.105256
2.089536
2.071103
2.049979
2.026190
1.999772
1.970765
1.939216
1.905175
1.868702
1.829859
1.788716
1.745347
1.699832
1.652254
1.602702
1.551271
1.498057
1.443162
1.386693
1.328758
1.269469
1.208942
1.147294
1.084647
1.021123
0.956846
0.891943
0.826540
0.760765
0.694747
0.628616
0.562500
0.496528
0.430828
0.365526
0.300749
0.236620
0.173263
0.110797
0.049339
-0.010995
-0.070093
-0.127847
-0.184151
-0.238905
-0.292012
-0.343378
-0.392915
-0.440539
-0.486172
-0.529740
-0.571174
-0.610413
-0.647397
-0.682076
-0.714405
-0.744342
-0.771854
-0.796914
-0.819500
-0.839597
-0.857195
-0.872292
-0.884891
-0.895002
-0.902641
-0.907829
-0.910595
-0.910972
-0.909001
-0.904727
-0.898202
-0.889483
-0.878631
-0.865715
-0.850807
-0.833985
-0.815330
-0.794928
-0.772872
-0.749254
-0.724174
-0.697733
-0.670036
-0.641192
-0.611310
-0.580503
-0.548887
-0.516578
-0.483694
-0.450355
-0.416681
-0.382792
-0.348810
-0.314856
-0.281049
-0.247510
-0.214358
-0.181710
-0.149682
-0.118388
-0.087940
-0.058446
-0.030014
-0.002747
0.023255
0.047895
0.071082
0.092725
0.112741
0.131050
0.147576
0.162250
0.175006
0.185785
0.194531
0.201196
0.205738
0.208117
0.208304
0.206272
0.202002
0.195480
0.186700
0.175661
0.162366
0.146829
0.129066
0.109102
0.086965
0.062691
0.036322
0.007905
-0.022506
-0.054853
-0.089073
-0.125095
-0.162845
-0.202245
-0.243209
-0.285651
-0.329475
-0.374587
-0.420885
-0.468265
-0.516619
-0.565837
-0.615805
-0.666408
-0.717527
-0.769043
-0.820833
-0.872776
-0.924747
-0.976621
-1.028274
-1.079581
-1.130417
-1.180657
-1.230179
-1.278860
-1.326580
-1.373220
-1.418662
-1.462793
-1.505501
-1.546677
-1.586216
-1.624015
-1.659976
-1.694005
-1.726012
-1.755910
-1.783620
-1.809065
-1.832173
-1.852880
-1.871125
-1.886853
-1.900014
-1.910567
-1.918473
-1.923702
-1.926228
-1.926033
-1.923104
-1.917434
-1.909024
-1.897880
-1.884014
-1.867446
-1.848201
-1.826309
-1.801809
-1.774744
-1.745164
-1.713122
-1.678681
-1.641906
-1.602870
-1.561649
-1.518326
-1.472986
-1.425721
-1.376628
-1.325806
-1.273358
-1.219392
-1.164019
-1.107353
-1.049510
-0.990611
-0.930775
-0.870128
-0.808795
-0.746901
-0.684575
-0.621945
-0.559140
-0.496289
-0.433521
-0.370964
-0.308746
-0.246993
-0.185829
-0.125379
-0.065763
-0.007101
0.050492
0.106902
0.162019
0.215737
0.267951
0.318563
0.367479
0.414607
0.459861
0.503161
0.544430
0.583598
0.620598
0.655371
0.687863
0.718025
0.745814
0.771194
0.794133
0.814608
0.832601
0.848098
0.861095
0.871591
0.879594
0.885117
0.888177
0.888801
0.887020
0.882871
0.876396
0.867646
0.856673
0.843538
0.828305
0.811046
0.791834
0.770751
0.747880
0.723309
0.697133
0.669447
0.640351
0.609949
0.578348
0.545656
0.511986
0.477452
0.442169
0.406255
0.369830
0.333012
0.295922
0.258681
0.221411
0.184232
0.147263
0.110625
0.074436
0.038812
0.003868
-0.030282
-0.063530
-0.095765
-0.126885
-0.156786
-0.185371
-0.212545
-0.238217
-0.262301
-0.284715
-0.305382
-0.324228
-0.341186
-0.356194
-0.369195
-0.380138
-0.388975
-0.395667
-0.400180
-0.402485
-0.402560
-0.400389
-0.395962
-0.389273
-0.380327
-0.369131
-0.355699
-0.340053
-0.322219
-0.302230
-0.280124
-0.255947
-0.229749
-0.201585
-0.171518
-0.139613
-0.105943
-0.070586
-0.033621
0.004863
0.044777
0.086024
0.128507
0.172123
0.216766
0.262326
0.308692
0.355749
0.403379
0.451464
0.499883
0.548514
0.597233
0.645916
0.694437
0.742673
0.790498
0.837788
0.884419
0.930268
0.975214
1.019137
1.061919
1.103445
1.143602
1.182279
1.219369
1.254770
1.288379
1.320102
1.349846
1.377524
1.403051
1.426350
1.447347
1.465974
1.482168
1.495872
1.507033
1.515607
1.521552
1.524834
1.525427
1.523307
1.518459
1.510875
1.500550
1.487489
1.471700
1.453201
1.432012
1.408163
1.381688
1.352628
1.321029
1.286943
1.250430
1.211551
1.170378
1.126984
1.081448
1.033856
0.984296
0.932863
0.879654
0.824770
0.768318
0.710408
0.651151
0.590662
0.529061
0.466467
0.403004
0.338796
0.273968
0.208648
0.142965
0.077047
0.011022
-0.054979
-0.120829
-0.186400
-0.251564
-0.316196
-0.380172
-0.443370
-0.505669
-0.566953
-0.627105
-0.686015
-0.743575
-0.799678
-0.854225
-0.907118
-0.958264
-1.007576
-1.054970
-1.100367
-1.143694
-1.184882
-1.223870
-1.260600
-1.295021
-1.327087
-1.356759
-1.384003
-1.408792
-1.431104
-1.450924
-1.468244
-1.483061
-1.495379
-1.505208
-1.512563
-1.517467
-1.519949
-1.520043
-1.517788
-1.513231
-1.506424
-1.497424
-1.486292
-1.473098
-1.457914
-1.440817
-1.421890
-1.401219
-1.378895
-1.355013
-1.329672
-1.302973
-1.275022
-1.245925
-1.215796
-1.184745
-1.152888
-1.120342
-1.087226
-1.053658
-1.019758
-0.985649
-0.951450
-0.917282
-0.883266
-0.849522
-0.816168
-0.783323
-0.751100
-0.719616
-0.688980
-0.659303
-0.630691
-0.603246
-0.577070
-0.552257
-0.528902
-0.507092
-0.486911
-0.468439
-0.451752
-0.436918
-0.424004
-0.413068
-0.404165
-0.397343
-0.392646
-0.390110
-0.389768
-0.391643
-0.395755
-0.402117
-0.410737
-0.421614
-0.434744
-0.450115
-0.467708
-0.487501
-0.509462
-0.533557
-0.559744
-0.587974
-0.618194
-0.650346
-0.684365
-0.720182
-0.757723
-0.796906
-0.837649
-0.879863
-0.923455
-0.968327
-1.014378
-1.061505
-1.109600
-1.158552
-1.208247
-1.258569
-1.309401
-1.360622
-1.412110
-1.463743
-1.515397
-1.566947
-1.618269
-1.669236
-1.719725
-1.769611
-1.818772
-1.867084
-1.914428
-1.960685
-2.005737
-2.049471
-2.091775
-2.132541
-2.171663
-2.209039
-2.244571
-2.278164
-2.309730
-2.339182
-2.366441
-2.391429
-2.414076
-2.434317
-2.452091
-2.467345
-2.480028
-2.490100
-2.497521
-2.502262
-2.504298
-2.503610
-2.500186
-2.494020
-2.485112
-2.473469
-2.459104
-2.442036
-2.422290
-2.399898
-2.374897
-2.347332
-2.317252
-2.284713
-2.249776
-2.212506
-2.172977
-2.131265
-2.087453
-2.041628
-1.993880
-1.944307
-1.893007
-1.840085
-1.785650
-1.729810
-1.672681
-1.614380
-1.555026
-1.494740
-1.433647
-1.371871
-1.309539
-1.246780
-1.183721
-1.120492
-1.057221
-0.994037
-0.931069
-0.868444
-0.806288
-0.744727
-0.683882
-0.623877
-0.564828
-0.506852
-0.450063
-0.394571
-0.340482
-0.287899
-0.236920
-0.187642
-0.140153
-0.094541
-0.050885
-0.009262
0.030258
0.067610
0.102734
0.135575
0.166085
0.194222
0.219950
0.243239
0.264063
0.282405
0.298253
0.311603
0.322453
0.330812
0.336693
0.340115
0.341103
0.339689
0.335910
0.329809
0.321436
0.310846
0.298097
0.283256
0.266393
0.247582
0.226905
0.204446
0.180294
0.154541
0.127285
0.098625
0.068666
0.037514
0.005278
-0.027930
-0.061994
-0.096801
-0.132231
-0.168167
-0.204487
-0.241073
-0.277801
-0.314553
-0.351207
-0.387642
-0.423740
-0.459382
-0.494453
-0.528836
-0.562419
-0.595093
-0.626748
-0.657281
-0.686590
-0.714576
-0.741145
-0.766208
-0.789676
-0.811470
-0.831511
-0.849727
-0.866051
-0.880420
-0.892778
-0.903074
-0.911261
-0.917300
-0.921157
-0.922803
-0.922217
-0.919383
-0.914290
-0.906936
-0.897322
-0.885457
-0.871356
-0.855041
-0.836537
-0.815879
-0.793105
-0.768260
-0.741395
-0.712566
-0.681834
-0.649267
-0.614937
-0.578922
-0.541302
-0.502165
-0.461602
-0.419708
-0.376582
-0.332326
-0.287047
-0.240854
-0.193860
-0.146179
-0.097928
-0.049226
-0.000195
0.049043
0.098365
0.147647
0.196763
0.245589
0.293999
0.341871
0.389078
0.435500
0.481014
0.525501
0.568843
0.610925
0.651634
0.690860
0.728496
0.764438
0.798586
0.830844
0.861121
0.889328
0.915383
0.939208
0.960728
0.979877
0.996592
1.010815
1.022494
1.031585
1.038047
1.041847
1.042957
1.041355
1.037026
1.029961
1.020157
1.007618
0.992355
0.974382
0.953723
0.930406
0.904466
0.875944
0.844887
0.811348
0.775384
0.737061
0.696446
0.653616
0.608650
0.561633
0.512654
0.461806
0.409189
0.354904
0.299056
0.241757
0.183117
0.123253
0.062283
0.000327
-0.062491
-0.126047
-0.190215
-0.254868
-0.319877
-0.385115
-0.450450
-0.515756
-0.580903
-0.645764
-0.710210
-0.774118
-0.837363
-0.899822
-0.961376
-1.021907
-1.081302
-1.139447
-1.196235
-1.251562
-1.305326
-1.357430
-1.407782
-1.456295
-1.502884
-1.547472
-1.589986
-1.630357
-1.668523
-1.704427
-1.738019
-1.769253
-1.798089
-1.824495
-1.848444
-1.869914
-1.888890
-1.905365
-1.919335
-1.930806
-1.939786
-1.946293
-1.950349
-1.951982
-1.951228
-1.948127
-1.942724
-1.935073
-1.925229
-1.913257
-1.899224
-1.883203
-1.865272
-1.845514
-1.824015
-1.800866
-1.776163
-1.750003
-1.722489
-1.693727
-1.663824
-1.632891
-1.601042
-1.568390
-1.535054
-1.501152
-1.466803
-1.432127
-1.397245
-1.362278
-1.327347
-1.292572
-1.258073
-1.223969
-1.190378
-1.157414
-1.125192
-1.093823
-1.063416
-1.034078
-1.005911
-0.979015
-0.953487
-0.929419
-0.906900
-0.886012
-0.866836
-0.849447
-0.833913
-0.820300
-0.808668
-0.799069
-0.791553
-0.786162
-0.782933
-0.781898
-0.783080
-0.786498
-0.792167
-0.800092
-0.810273
-0.822705
-0.837376
-0.854268
-0.873357
-0.894613
-0.917998
-0.943472
-0.970986
-1.000487
-1.031916
-1.065208
-1.100293
-1.137096
-1.175538
-1.215535
-1.256997
-1.299831
-1.343940
-1.389223
-1.435575
-1.482889
-1.531053
-1.579954
-1.629477
-1.679502
-1.729909
-1.780578
-1.831384
-1.882205
-1.932914
-1.983388
-2.033502
-2.083130
-2.132148
-2.180434
-2.227866
-2.274322
-2.319684
-2.363836
-2.406664
-2.448055
-2.487902
-2.526099
-2.562545
-2.597141
-2.629794
-2.660414
-2.688915
-2.715218
-2.739246
-2.760929
-2.780202
-2.797005
-2.811284
-2.822990
-2.832081
-2.838519
-2.842275
-2.843323
-2.841646
-2.837232
-2.830074
-2.820174
-2.807538
-2.792180
-2.774119
-2.753381
-2.729997
-2.704006
-2.675451
-2.644384
-2.610858
-2.574937
-2.536686
-2.496178
-2.453490
-2.408704
-2.361909
-2.313195
-2.262658
-2.210400
-2.156523
-2.101137
-2.044351
-1.986280
-1.927042
-1.866755
-1.805542
-1.743526
-1.680832
-1.617588
-1.553921
-1.489960
-1.425834
-1.361671
-1.297600
-1.233750
-1.170248
-1.107221
-1.044792
-0.983086
-0.922223
-0.862322
-0.803498
-0.745865
-0.689533
-0.634609
-0.581194
-0.529388
-0.479285
-0.430975
-0.384545
-0.340074
-0.297638
-0.257307
-0.219147
-0.183218
-0.149572
-0.118258
-0.089318
-0.062789
-0.038699
-0.017074
0.002069
0.018719
0.032870
0.044524
0.053688
0.060374
0.064603
0.066401
0.065799
0.062835
0.057553
0.050001
0.040234
0.028314
0.014304
-0.001723
-0.019693
-0.039525
-0.061134
-0.084431
-0.109324
-0.135715
-0.163504
-0.192587
-0.222857
-0.254205
-0.286518
-0.319683
-0.353584
-0.388101
-0.423118
-0.458514
-0.494168
-0.529959
-0.565766
-0.601470
-0.636948
-0.672083
-0.706757
-0.740852
-0.774254
-0.806851
-0.838532
-0.869189
-0.898718
-0.927017
-0.953990
-0.979540
-1.003578
-1.026018
-1.046779
-1.065783
-1.082958
-1.098237
-1.111559
-1.122866
-1.132107
-1.139238
-1.144218
-1.147014
-1.147597
-1.145947
-1.142047
-1.135888
-1.127466
-1.116785
-1.103852
-1.088684
-1.071302
-1.051733
-1.030009
-1.006172
-0.980265
-0.952340
-0.922453
-0.890666
-0.857047
-0.821667
-0.784604
-0.745941
-0.705765
-0.664166
-0.621239
-0.577085
-0.531806
-0.485508
-0.438301
-0.390296
-0.341610
-0.292359
-0.242663
-0.192642
-0.142419
-0.092118
-0.041862
0.008223
0.058012
0.107381
0.156205
0.204361
0.251725
0.298176
0.343596
0.387866
0.430871
0.472498
0.512637
0.551182
0.588029
0.623078
0.656233
0.687403
0.716500
0.743441
0.768149
0.790551
0.810578
0.828168
0.843264
0.855816
0.865777
0.873109
0.877777
0.879754
0.879019
0.875557
0.869359
0.860423
0.848753
0.834358
0.817256
0.797470
0.775027
0.749964
0.722321
0.692146
0.659491
0.624416
0.586984
0.547265
0.505334
0.461272
0.415163
0.367096
0.317166
0.265472
0.212114
0.157200
0.100840
0.043145
-0.015769
-0.075783
-0.136776
-0.198625
-0.261207
-0.324394
-0.388059
-0.452075
-0.516312
-0.580641
-0.644934
-0.709062
-0.772897
-0.836312
-0.899182
-0.961382
-1.022792
-1.083290
-1.142760
-1.201087
-1.258160
-1.313871
-1.368114
-1.420790
-1.471802
-1.521057
-1.568469
-1.613952
-1.657431
-1.698832
-1.738087
-1.775134
-1.809916
-1.842383
-1.872490
-1.900198
-1.925474
-1.948290
-1.968627
-1.986470
-2.001810
-2.014646
-2.024982
-2.032829
-2.038202
-2.041126
-2.041628
-2.039744
-2.035515
-2.028987
-2.020212
-2.009247
-1.996157
-1.981009
-1.963876
-1.944837
-1.923974
-1.901374
-1.877129
-1.851333
-1.824086
-1.795489
-1.765649
-1.734672
-1.702671
-1.669758
-1.636049
-1.601660
-1.566710
-1.531319
-1.495606
-1.459693
-1.423700
-1.387749
-1.351959
-1.316451
-1.281343
-1.246753
-1.212795
-1.179585
-1.147232
-1.115846
-1.085534
-1.056398
-1.028537
-1.002049
-0.977024
-0.953551
-0.931715
-0.911593
-0.893261
-0.876788
-0.862239
-0.849672
-0.839141
-0.830695
-0.824376
-0.820221
-0.818259
-0.818517
-0.821012
-0.825757
-0.832758
-0.842015
-0.853523
-0.867269
-0.883235
-0.901397
-0.921723
-0.944177
-0.968718
-0.995297
-1.023859
-1.054347
-1.086694
-1.120831
-1.156683
-1.194170
-1.233207
-1.273705
-1.315570
-1.358706
-1.403011
-1.448381
-1.494707
-1.541878
-1.589781
-1.638299
-1.687315
-1.736707
-1.786354
-1.836134
-1.885922
-1.935593
-1.985023
-2.034086
-2.082659
-2.130616
-2.177835
-2.224193
-2.269571
-2.313849
-2.356912
-2.398645
-2.438937
-2.477679
-2.514767
-2.550099
-2.583577
-2.615107
-2.644600
-2.671971
-2.697140
-2.720031
-2.740574
-2.758703
-2.774361
-2.787491
-2.798047
-2.805985
-2.811270
-2.813871
-2.813764
-2.810931
-2.805360
-2.797046
-2.785989
-2.772198
-2.755685
-2.736470
-2.714579
-2.690045
-2.662905
-2.633205
-2.600993
-2.566327
-2.529268
-2.489883
-2.448244
-2.404429
-2.358521
-2.310607
-2.260779
-2.209134
-2.155771
-2.100795
-2.044315
-1.986440
-1.927287
-1.866971
-1.805613
-1.743334
-1.680258
-1.616511
-1.552219
-1.487511
-1.422515
-1.357359
-1.292174
-1.227086
-1.162226
-1.097720
-1.033694
-0.970273
-0.907580
-0.845736
-0.784860
-0.725067
-0.666470
-0.609179
-0.553301
-0.498937
-0.446187
-0.395144
-0.345899
-0.298537
-0.253139
-0.209779
-0.168529
-0.129452
-0.092608
-0.058050
-0.025827
0.004020
0.031455
0.056449
0.078977
0.099022
0.116573
0.131625
0.144180
0.154244
0.161832
0.166963
0.169665
0.169967
0.167909
0.163535
0.156893
0.148039
0.137034
0.123943
0.108837
0.091792
0.072888
0.052211
0.029849
0.005896
-0.019551
-0.046391
-0.074521
-0.103833
-0.134218
-0.165564
-0.197756
-0.230679
-0.264213
-0.298242
-0.332644
-0.367299
-0.402086
-0.436885
-0.471573
-0.506032
-0.540143
-0.573786
-0.606846
-0.639209
-0.670760
-0.701392
-0.730995
-0.759466
-0.786703
-0.812608
-0.837088
-0.860052
-0.881414
-0.901094
-0.919013
-0.935102
-0.949291
-0.961521
-0.971734
-0.979879
-0.985912
-0.989794
-0.991490
-0.990973
-0.988222
-0.983221
-0.975961
-0.966439
-0.954658
-0.940627
-0.924362
-0.905884
-0.885220
-0.862405
-0.837479
-0.810485
-0.781477
-0.750509
-0.717646
-0.682953
-0.646504
-0.608377
-0.568653
-0.527421
-0.484771
-0.440798
-0.395603
-0.349289
-0.301961
-0.253729
-0.204707
-0.155008
-0.104751
-0.054054
-0.003039
0.048172
0.099455
0.150686
0.201739
0.252491
0.302817
0.352590
0.401689
0.449991
0.497374
0.543719
0.588908
0.632826
0.675360
0.716402
0.755843
0.793581
0.829516
0.863553
0.895599
0.925568
0.953377
0.978948
1.002209
1.023092
1.041535
1.057481
1.070880
1.081685
1.089858
1.095366
1.098181
1.098283
1.095656
1.090293
1.082191
1.071355
1.057794
1.041526
1.022574
1.000967
0.976741
0.949936
0.920600
0.888788
0.854556
0.817971
0.779101
0.738023
0.694816
0.649565
0.602361
0.553298
0.502473
0.449990
0.395955
0.340478
0.283671
0.225650
0.166534
0.106444
0.045502
-0.016167
-0.078435
-0.141177
-0.204264
-0.267567
-0.330957
-0.394306
-0.457484
-0.520363
-0.582818
-0.644723
-0.705953
-0.766387
-0.825905
-0.884390
-0.941728
-0.997808
-1.052520
-1.105762
-1.157432
-1.207434
-1.255677
-1.302072
-1.346537
-1.388993
-1.429370
-1.467598
-1.503616
-1.537368
-1.568803
-1.597877
-1.624551
-1.648792
-1.670574
-1.689876
-1.706684
-1.720990
-1.732793
-1.742096
-1.748912
-1.753257
-1.755153
-1.754631
-1.751725
-1.746476
-1.738931
-1.729143
-1.717170
-1.703074
-1.686925
-1.668795
-1.648764
-1.626913
-1.603331
-1.578108
-1.551340
-1.523126
-1.493569
-1.462773
-1.430848
-1.397903
-1.364054
-1.329414
-1.294101
-1.258233
-1.221930
-1.185313
-1.148501
-1.111616
-1.074779
-1.038111
-1.001730
-0.965756
-0.930305
-0.895494
-0.861436
-0.828241
-0.796020
-0.764878
-0.734917
-0.706238
-0.678935
-0.653102
-0.628826
-0.606190
-0.585274
-0.566152
-0.548893
-0.533561
-0.520215
-0.508909
-0.499690
-0.492602
-0.487679
-0.484952
-0.484446
-0.486180
-0.490164
-0.496406
-0.504905
-0.515655
-0.528644
-0.543852
-0.561256
-0.580823
-0.602518
-0.626298
-0.652115
-0.679914
-0.709635
-0.741214
-0.774581
-0.809660
-0.846371
-0.884629
-0.924345
-0.965425
-1.007771
-1.051283
-1.095855
-1.141380
-1.187746
-1.234839
-1.282543
-1.330739
-1.379308
-1.428127
-1.477074
-1.526023
-1.574852
-1.623434
-1.671646
-1.719361
-1.766456
-1.812808
-1.858296
-1.902798
-1.946196
-1.988375
-2.029219
